,h_cost,r_cost,C_cost,total_cost,mean_p,mean_wait,mean_queue,mean_orbit,mean_server,x_T,y_T,mean_p_time,mean_congested_time,h_cost,r_cost,C_cost,total_cost,mean_p,mean_wait,mean_queue,mean_orbit,mean_server,x_T,y_T,mean_p_time,mean_congested_time,h_cost,r_cost,C_cost,total_cost,mean_p,mean_wait,mean_queue,mean_orbit,mean_server,x_T,y_T,mean_p_time,mean_congested_time,h_cost,r_cost,C_cost,total_cost,mean_p,mean_wait,mean_queue,mean_orbit,mean_server,x_T,y_T,mean_p_time,mean_congested_time
0,7902412.551847799,9735000.0,1628.2532704933476,17639040.805118293,0.1409935822014055,5.842033477998594,40.45495837020406,11.74855075399486,38.47935523224189,44,13,0.21831498786194797,0.14099358220137817,3175950.4553509764,8935000.0,3696409.943296437,15807360.398647413,0.12631270634514213,5.764928153895114,39.375790323808204,10.6159263768464,38.581802709970475,45,6,0.16910841028367282,0.12857330726997102,4282122.134258025,9790000.0,935031.7531111299,15007153.887369154,0.13730349909130185,5.786386321618931,40.329362641696385,11.834275266818926,39.25883210813209,40,5,0.1979152637409277,0.13795999258105845,3790364.839691155,8420000.0,2807384.7159979856,15017749.55568914,0.12979904597070582,5.701661294695471,39.057973505465746,10.362639629382763,38.11038229554312,35,15,0.1705929430768208,0.1316117505652652
1,6305704.253153732,10010000.0,1642.619512707858,16317346.87266644,0.1409935822014056,5.753813707443543,40.22108143311872,12.40263830534738,38.64465536983027,44,20,0.20989910557682323,0.14099358220137745,3094815.2114392435,8770000.0,3267989.955061866,15132805.166501109,0.12796804827157476,5.773725738713293,39.12641389556877,10.539232852178245,38.352710092708975,40,13,0.14598963025987302,0.1301683077822032,3843392.4929844253,9105000.0,806276.1460942669,13754668.639078693,0.1377932827324599,5.708035919346875,38.88030203512416,10.887322867318748,37.91945391187805,31,11,0.15005237671621818,0.1383283002898933,3468098.55293106,8590000.0,2598724.1875987756,14656822.740529835,0.13061469926749922,5.72437443369268,38.692428310163336,10.188964843105273,37.82533163385618,48,11,0.15901860038135443,0.1321137354404971
2,5152624.493934185,9795000.0,1640.2449272178562,14949264.7388614,0.1409935822014056,5.820542182241091,40.47212396128672,11.937884639329129,39.1839678378033,42,10,0.2430158819514743,0.1409935822013764,2466531.801130089,8910000.0,3047120.0203087367,14423651.821438825,0.12882187132815093,5.697618938274872,38.238098085990096,10.982030760586634,37.62146513570756,42,5,0.1353880018089403,0.13098772451066196,4040268.25968485,9410000.0,846223.3233326757,14296491.583017524,0.13761648041564212,5.692686646019681,38.9611508093949,11.46373567309072,37.951083744473706,34,6,0.15059240063261928,0.13815958890117175,3598640.5976800923,8735000.0,2567636.7076546364,14901277.305334728,0.1306678944847384,5.745877343267452,39.004536339553695,10.685593778973232,38.104692874610976,47,6,0.16268929741176952,0.13216259193475796
3,8728188.304903345,9955000.0,1658.766694039869,18684847.071597382,0.14099358220140573,5.831810744346827,41.417632396803974,12.029170074194472,39.23558532057825,43,14,0.25506853661197615,0.14099358220137762,2981544.3445933005,8350000.0,2626448.898263635,13957993.242856937,0.13032955951020753,5.717850044126151,37.77011362309583,10.109756709688524,37.02472753694743,37,8,0.12046429910524387,0.13211419621736015,2999558.3616709546,9530000.0,698622.5307341644,13228180.892405117,0.13823122076109967,5.708929147623718,38.53692418338896,11.420733134423976,37.78703459297126,45,11,0.1698858321056373,0.13880787856443227,4081733.104683443,8820000.0,2905078.726052618,15806811.830736062,0.12957788169267817,5.75939525393537,39.226550658813245,11.01230737205956,38.206117382642425,34,6,0.16846668749552804,0.13114640674967556
4,4744061.255032485,10005000.0,1643.9255347273588,14750705.180567212,0.14099358220140562,5.753420825696522,40.16476000552153,11.781840800995894,38.97874469176323,38,6,0.2131701902801219,0.14099358220137836,3238105.0336396205,9270000.0,3219171.3263312783,15727276.3599709,0.12829024462182978,5.670098189098678,39.09609194878675,11.413298337917622,38.28654770142051,50,9,0.14971344573977455,0.13027967885786115,6496822.915998685,9555000.0,1656482.599191464,17708305.51519015,0.1345638585425513,5.79584865193124,40.48872073316869,11.895956366773783,38.86451500416914,35,13,0.2304641179084125,0.1353509973389098,2691097.047472235,9215000.0,2534367.9334538663,14440464.9809261,0.13097637658099398,5.723162353389578,38.84441904807484,10.981008233658732,38.17164478620681,31,14,0.14854610039596355,0.13250998947660392
5,4564580.419017437,10110000.0,1638.701446649355,14676219.120464087,0.14099358220140557,5.697668814542269,39.41406412984373,12.322430461173926,38.27290308755174,47,11,0.18013234381272025,0.14099358220137836,2404437.805902166,8815000.0,2861768.0671588345,14081205.873061001,0.1295499507185711,5.700221015388484,38.37322103124168,10.902163813790152,37.77211157976607,38,10,0.12555912734255287,0.13145590325747736,3692413.189013619,9425000.0,1041586.6477523734,14158999.836765992,0.1368975531215898,5.699084493930288,39.08483082603564,11.768474244494268,38.1617275287822,43,10,0.17294024291599475,0.1376774298121278,3918850.6633447176,8755000.0,2824041.483566721,15497892.146911437,0.12979050587432925,5.758877746940007,39.46586605166641,10.252447297432523,38.4861010052456,50,15,0.17168444165757524,0.131369308065462
6,4890298.655494112,9825000.0,1644.281722550859,14716942.937216664,0.14099358220140562,5.807174007465906,39.6665905631016,11.768700228275412,38.44389682183209,48,14,0.18665830476257372,0.1409935822013782,2673496.612194436,8475000.0,3196949.955061632,14345446.567256067,0.1281908601527825,5.688564600616866,38.008314070366104,10.021336611511014,37.33993991731749,34,12,0.14289253394804122,0.13045563800414658,3429766.103846737,9180000.0,825160.6310657614,13434926.734912498,0.13775329179250342,5.7068525489393656,39.113390415610525,10.877999524317893,38.255948889648764,39,15,0.16400508739598127,0.138326599204189,2761199.328151857,8925000.0,2105923.8431761013,13792123.171327958,0.13251697434588827,5.771846562892725,38.352658669195286,10.787170416233897,37.662358837157285,33,8,0.13002897213056339,0.1338554440844781
7,3675268.663550941,9660000.0,1640.0074686688563,13336908.67101961,0.1409935822014056,5.699203633899135,39.10562638543517,11.75194613552334,38.18680921954727,39,10,0.17176846140154817,0.14099358220137856,3023404.480873941,8700000.0,3451134.137327481,15174538.618201422,0.12735448824470327,5.7151599339958725,38.88825546835955,10.270171590733087,38.13240434814112,31,11,0.1579275302498613,0.1294301800799923,2789730.7888576244,9590000.0,658662.0558170937,13038392.844674718,0.13837979435029477,5.8616995592699865,38.680377184402374,11.625364550327667,37.982732316876266,47,17,0.14556498451662378,0.13878405849736675,4499370.221061592,8795000.0,3161444.321303862,16455814.542365456,0.1284512496524877,5.83373806249871,39.49739555404589,10.441180807446818,38.37255299878044,43,6,0.19222577436782784,0.1303001087184679
8,3370596.7224158063,9770000.0,1622.4355360428438,13142219.157951849,0.14099358220140545,5.759089562170002,39.097373335588,11.975014301962986,38.25472415498402,38,10,0.1648999614035547,0.1409935822013787,2778281.0775636923,8450000.0,3184754.7962211594,14413035.873784853,0.12834664403501533,5.666899143436212,38.66184037679031,10.296686214702014,37.967270107399486,44,18,0.14899559092811876,0.13037765965306694,3718593.6828696844,9395000.0,909514.3384142765,14023108.021283958,0.1374265927306817,5.748574702141533,39.32495720489028,11.1474619930902,38.39504548079355,55,8,0.1746596084460623,0.13809316603781563,3821043.677379433,8780000.0,3286875.271138559,15887918.948517993,0.1280607433125947,5.72836843630831,39.62200845631697,10.646361770579746,38.666747536972196,30,8,0.19307553089630392,0.13001421958885892
9,9644893.205892876,10135000.0,1658.1730476673688,19781551.37894054,0.1409935822014057,5.861919523946254,41.74976249077671,12.059428767117991,39.33853918930342,34,12,0.26160029378142396,0.14099358220137723,6695678.280780746,8625000.0,4791881.16053989,20112559.441320635,0.1221744601153903,5.888168639986936,40.77383267882998,10.127641313122995,39.09991310863483,30,15,0.23848363545510973,0.12444806647292116,3410692.6718083834,9220000.0,737452.70294532,13368145.374753704,0.13804701768523722,5.756920261036776,38.392282335799045,11.194164946643323,37.539609167846926,39,15,0.1478719901398125,0.13846708092155813,3702394.133335552,8885000.0,2740789.4651688775,15328183.598504432,0.13005990386199934,5.745471878235353,39.21936769734295,10.794736558490083,38.29376916400916,38,14,0.17177176661191515,0.13159537510833139
10,5479960.992374808,9510000.0,1623.6228287878448,14991584.615203595,0.14099358220140545,5.7502227267684205,39.89642400556824,10.890313225343744,38.52643375747453,36,8,0.20598707850945608,0.14099358220137867,2475726.948864823,8400000.0,2838454.3865511958,13714181.33541602,0.12959934857777003,5.71122966219523,38.488233462344496,9.943034458188126,37.869290154241895,47,12,0.12762684848469258,0.13142974025210213,3979784.291592416,9170000.0,971678.375209554,14121462.666801969,0.13720634485977412,5.736806841579663,39.75443758796952,10.88082728763425,38.7594915150716,38,7,0.19844263257865657,0.13784561751828292,2087127.6002379833,8595000.0,1921681.7712964916,12603809.371534476,0.13324989253599256,5.684201104572238,37.590173303519244,10.160944153921397,37.068391403459636,40,4,0.11616679440162024,0.13456165835198838
11,4828746.540759926,9360000.0,1631.8151487283506,14190378.355908653,0.14099358220140554,5.863519322613348,40.20808477152276,11.490306443900224,39.00070419462997,59,18,0.21661295273578185,0.1409935822013778,2887187.077449604,8590000.0,2893936.3397012213,14371123.417150825,0.12928773649782754,5.749457786955715,37.7997890108865,10.865030425067449,37.077992241524136,45,11,0.13541112333653826,0.13122849299568984,5772991.795992636,9180000.0,1283544.3266487692,16236536.122641403,0.13595705957165402,5.808695721444372,40.712731195535824,10.890546540762223,39.269369094870434,47,11,0.21958494456787284,0.13660915277074265,4786451.237139265,8995000.0,3046009.3079334516,16827460.54507272,0.12885325328070923,5.833672396684194,39.68265404931845,10.704330856300793,38.48604124003374,40,8,0.18943714947487955,0.13083238705414765
12,6859284.634674692,9410000.0,1643.8068054528585,16270928.441480143,0.14099358220140562,5.715555673224293,40.45613058588749,11.209643401212738,38.74130942721875,41,11,0.2199672294871125,0.14099358220137834,3057344.5600747825,8735000.0,3333461.789482346,15125806.34955713,0.12761413537213784,5.829932949943896,38.89679561294834,10.614834646356414,38.13245947292968,42,9,0.15296938242353336,0.12968652257714283,7873521.235953894,10025000.0,1996127.4018443383,19894648.63779823,0.13335194368600856,5.837213880638079,41.70765476481308,11.860819646854416,39.73925359960264,54,10,0.2846230939460262,0.13405572301813595,2286603.7553526764,9015000.0,2117027.642512887,13418631.397865564,0.13249126874696132,5.679832372398802,38.02962153032753,10.886797565266454,37.457970591489335,33,11,0.12680370631645757,0.1339880003884457
13,7349213.620429398,10165000.0,1670.5208922153772,17515884.14132161,0.14099358220140581,5.883443143595528,41.70882765526048,12.144990189069079,39.8714939620246,46,7,0.27170587965881143,0.14099358220137836,2183176.279348514,8630000.0,2939458.093900176,13752634.37324869,0.12922690969939216,5.681660388403807,38.0761820397328,10.202220168490049,37.5303879698956,38,9,0.12827781664081941,0.13123847659877488,3560954.680730375,9450000.0,861776.264823579,13872730.945553953,0.13758536132524746,5.716251341463679,39.09067617020161,11.330148917227149,38.200416346170755,47,10,0.1713054201145493,0.13815897755861653,3583449.1325004804,8820000.0,2541009.292957949,14944458.425458431,0.13084459492250414,5.723240686284744,38.94658315701771,10.551838424822414,38.05072087389254,42,13,0.15549811983965275,0.1324317796627396
14,2510947.0653093033,9530000.0,1602.84520575033,12042549.910515053,0.14099358220140532,5.7177052321485835,38.525319447439976,11.654319616393106,37.89758268111263,34,12,0.14690917412559373,0.14099358220137811,2499699.106689229,8595000.0,2870644.0303633604,13965343.137052592,0.12949229104219992,5.690373813314565,38.22258744454873,10.249356997587642,37.59766266787637,41,6,0.1323004346660358,0.13132879335266703,3289788.8203181303,9050000.0,751892.6762043848,13091681.496522516,0.13801353168035285,5.766194854599327,39.140576869643176,10.767694287973987,38.318129664563415,38,11,0.1795253790223842,0.1386081965016738,3702117.845550686,9155000.0,2541018.4351118654,15398136.280662552,0.13089461831638882,5.72475112321454,38.84361383026023,11.376090896095203,37.91808436887247,44,11,0.14987223981195133,0.1324479142801037
15,6625941.344268209,9330000.0,1648.6747057073621,15957590.018973915,0.14099358220140565,5.854345756292443,40.49578183954479,11.513998540034997,38.83929650347791,28,12,0.22420722500460466,0.14099358220137895,3759697.433417188,8855000.0,3629818.610533394,16244516.043950582,0.1265910691503299,5.783890688958807,39.409744750471184,10.722371683919608,38.46982039211688,37,18,0.17207687943251496,0.1286549875721647,6003886.200348242,9270000.0,1533260.8449933184,16807147.045341562,0.13495352997782284,5.852531232744053,40.28059769342757,11.346406832603682,38.779626143340465,39,11,0.23831295527034993,0.13594247723242467,4205224.150287685,8780000.0,2610934.7812454524,15596158.931533137,0.130585920174382,5.739769989400073,38.74943647443688,10.768752001923938,37.698130436864915,36,13,0.14768920449503242,0.13232195642110747
16,4108607.1169977165,9490000.0,1609.612774396835,13600216.729772111,0.14099358220140534,5.704702881400167,38.61657464641298,11.26637453727509,37.58942286716362,44,9,0.14323908846248162,0.14099358220137778,2260877.0534973145,8995000.0,2762993.2645057105,14018870.318003025,0.12997697340981992,5.66623890453348,38.05820564607187,10.8923158705148,37.49298638269751,38,8,0.12386388456536793,0.13194511546461313,2709926.136266047,9395000.0,739678.2832212211,12844604.419487268,0.1380488182828797,5.696254123209194,38.229335492999134,11.396635858114623,37.55147819243581,55,6,0.13465710535599432,0.13848025815350265,3765974.72269911,8845000.0,2725266.0872672675,15336240.80996638,0.13021267718273277,5.739909490603862,38.99641999806582,10.93104353098844,38.05492631739119,37,5,0.16827081929692791,0.13175471688231535
17,3650436.8574501015,9395000.0,1633.4773585713513,13047070.334808674,0.14099358220140554,5.782677961768487,39.001491316714336,10.97015767535504,38.08888210235184,32,8,0.16412887067109272,0.1409935822013785,2833670.1532682865,8450000.0,3013807.6724643437,14297477.825732632,0.1288344766756994,5.729660519079302,38.58398112528496,10.316346403723553,37.87556358696798,32,11,0.13353481942474388,0.13090379087937537,4333811.896475985,9500000.0,1017144.08919015,14850955.985666137,0.13693036553830237,5.787693480037111,39.06474816772635,11.618581779761993,37.98129519360755,39,11,0.1765214564515461,0.13753396423266792,2448843.203880749,8765000.0,2242449.0940052215,13456292.297885971,0.13201723250773623,5.701179364334255,38.01679815714912,10.437139165730532,37.40436389943091,48,14,0.12712160596477814,0.13371512404152608
18,3586824.9444890157,9440000.0,1594.0592394373239,13028419.003728453,0.14099358220140523,5.651180812310869,38.19711660847931,11.14143864774721,37.300363702336796,47,14,0.12798503180853346,0.14099358220137798,3085348.552019154,8335000.0,3270197.2510293173,14690545.803048473,0.12785744096844834,5.762767604301329,39.081377952021214,10.071076980501985,38.30992513581974,57,8,0.14888754682846808,0.12997781822659094,3612781.33168754,9335000.0,859546.6477523358,13807327.979439875,0.1375743581096159,5.847419975131063,39.27559919480732,11.087095697053666,38.37240386188548,36,10,0.18768609803896005,0.13814389188084933,2598678.3358868016,9185000.0,2388966.6006906996,14172644.9365775,0.13151466653688654,5.681169953824151,38.8791879965387,11.165252547795896,38.22951841256712,35,14,0.1464137212228495,0.133166722438506
19,9771859.924247136,10085000.0,1650.3369155503633,19858510.261162687,0.14099358220140565,6.033407234456122,41.76402372272716,12.392749493259936,39.32105874166528,38,10,0.23556060669920445,0.14099358220137895,3577076.0922607994,8335000.0,3461108.346333798,15373184.4385946,0.1271897883192243,5.747588976717207,39.034033955735914,10.304163490786074,38.13976493267063,39,8,0.16012915129710234,0.12930156404498663,3058302.970149907,9070000.0,779622.9671448182,12907925.937294725,0.13786724784362633,5.676259453304144,38.321334086216154,11.072593849767907,37.55674357665636,48,8,0.14179769377949414,0.13835492994478468,4486189.519987076,9010000.0,2960558.6608055145,16456748.18079259,0.12927875207785186,5.738247231265544,39.463329915729815,10.740474560924424,38.3417825357331,39,10,0.17992516011140514,0.13081490530648845
20,5320291.905018491,9510000.0,1624.335204434845,14831916.240222927,0.14099358220140545,5.834753410250158,40.22981363145456,11.220894377715096,38.89974065519985,33,11,0.21374501732756118,0.1409935822013783,2895658.38383337,8250000.0,3220252.8313053325,14365911.215138704,0.12806008618711964,5.761818529546584,38.66935639509079,9.983554252439312,37.94533585617817,48,6,0.15298018938564212,0.1300882098918966,2948957.7746635573,9570000.0,760807.3451525357,13279765.119816093,0.13804181259104656,5.671196932752805,39.45356397260117,11.843656333729076,38.7163245289353,37,14,0.15667608920012777,0.13851481601115828,2456052.648633905,8865000.0,2362338.354888646,13683391.00352255,0.13166837436941584,5.670039049794297,38.48755862202321,10.487754438481671,37.87354545986459,37,11,0.13412133144836447,0.13322361201337188
21,3606889.6893097116,9640000.0,1609.7315036713346,13248499.420813384,0.14099358220140537,5.734590958848452,38.798572303156234,11.773696561159635,37.89684988082892,40,15,0.1658109808235563,0.1409935822013796,2885916.9844334107,8455000.0,3018250.878155117,14359167.862588529,0.12884468066486077,5.649883170347639,38.03191196783472,10.126395145052216,37.3104327217265,40,9,0.13729541175646887,0.13106767638374578,4807125.294294392,9605000.0,1091541.0407354804,15503666.33502987,0.13672942831370774,5.769422042050998,40.212379857073856,11.770508433236493,39.01059853350031,38,11,0.2124194975627354,0.13735796893810742,1975801.3118364403,8675000.0,2210266.8114079568,12861068.123244397,0.13217361985095322,5.749691903501449,38.46437901416294,10.29674600626668,37.97042868620373,36,12,0.1237458033020223,0.13391637409479065
22,4423435.657227762,9730000.0,1629.678021787349,14155065.335249549,0.1409935822014055,5.738019321995375,39.52846752321323,12.069471788793594,38.42260860890651,38,14,0.18250923185823184,0.14099358220137828,3739562.2538630357,8715000.0,3487753.570422343,15942315.824285379,0.1271529768620969,5.747872800340185,39.070078235057615,10.645150863612754,38.13518767159186,44,17,0.1627185843978707,0.1291899538011792,6323933.357716857,9500000.0,1527732.9286383486,17351666.28635521,0.13505513222197743,5.817286737620592,40.604943345497006,11.814431144540007,39.023960006067625,35,14,0.24101625061211857,0.135704423417314,4185686.5330595938,8965000.0,3082647.618982914,16233334.152042508,0.12879806670871174,5.744081590670696,39.58576555231474,10.875381862622726,38.539140653429946,49,6,0.18218804904959768,0.13076648978425381
23,2049918.6678386398,9460000.0,1621.248243297843,11511539.916081939,0.14099358220140545,5.721600467548384,38.083097179354816,11.39610001312611,37.570617512395074,34,7,0.12491640709136334,0.14099358220137723,3121653.5996449706,8610000.0,3404515.0871614683,15136168.68680644,0.12750525463451867,5.649097384884163,38.566092476277454,10.177408688369912,37.7856790763663,37,10,0.15413421183792422,0.12987712460865664,3987118.283216587,9430000.0,989424.48388447,14406542.767101057,0.13711037057934664,5.84849246417666,39.580751281564616,11.520077870053107,38.583968814034826,47,8,0.2009037136598954,0.13767109073892952,2851344.5355333495,8830000.0,2353437.695994992,14034782.231528342,0.13158310397276402,5.631796965866259,38.117300181161085,10.794765772041758,37.404464047277806,45,12,0.1352982143482534,0.13329006209186936
24,6676217.238684912,9315000.0,1615.1930502983387,15992832.431735208,0.1409935822014054,5.771066968443709,40.23000227151927,11.380873831784841,38.5609479618479,35,14,0.2142314877957567,0.14099358220137884,3803218.518252681,8805000.0,3461096.1172182746,16069314.635470958,0.12708403179067063,5.705614949979603,38.52604624176157,10.771973131246895,37.575241612198376,42,8,0.16239991821649163,0.12938960507659242,6386132.04564808,9365000.0,1451145.7781409665,17202277.823789045,0.13532906938030217,5.788306527604503,40.33073655700981,11.212378550641251,38.73418025127017,55,10,0.20977447595506726,0.13603007577087772,4650621.008495154,8715000.0,2846217.8564410727,16211838.864936225,0.12955370777014777,5.783757311311091,39.236868192705096,10.576670578414774,38.07421294058123,30,8,0.18166209769721103,0.13114306448680932
25,4734407.509068047,9245000.0,1631.5776901793502,13981039.086758222,0.1409935822014055,5.773752220102478,39.671411929164556,11.08934575920545,38.48781005189762,37,14,0.18188444926131375,0.14099358220137848,4542077.048828622,8245000.0,3317921.670753355,16104998.719581977,0.12766167504552658,5.736510938610498,39.06050157876357,9.995846302438043,37.92498231655651,31,8,0.15090653603797102,0.12983970469126138,3799641.192414597,9620000.0,925048.8768676027,14344690.0692822,0.1373576164049718,5.701099924684666,39.114072131694165,11.690417000511326,38.16416183359058,39,9,0.17383748002198332,0.13801686611951042,2216353.647223952,8670000.0,1953877.5890309447,12840231.236254897,0.13316040641239288,5.704869691271076,38.145863577484555,10.470435755043756,37.59177516567862,42,9,0.11203752182168386,0.1343824797415189
26,6325827.885651155,9905000.0,1647.7248715113615,16232475.610522667,0.14099358220140565,5.807711502598434,40.58516981019264,11.817214393394995,39.00371283877976,42,10,0.22533784886870672,0.14099358220137798,2535570.1066829506,8600000.0,3019364.9149500164,14154935.021632968,0.1288718202926763,5.758144272305585,38.68424124016157,10.391021682044759,38.050348713490855,36,15,0.13243256503458792,0.1310722266317336,3216586.9926369353,9240000.0,775209.0875852086,13231796.080222145,0.13793533285137022,5.685439702580456,38.93158648528101,10.75090645509135,38.1274397371218,44,14,0.14149650439027722,0.1384033254827404,2347022.8882149183,9005000.0,2393412.893342118,13745435.781557035,0.1315366344883222,5.707076444934513,38.66532234191119,10.712150412863881,38.07856661985739,40,10,0.13564572567943434,0.13310411572607986
27,6050713.562124723,10010000.0,1653.8987937853658,16062367.460918508,0.14099358220140568,5.741616595764441,40.33253463822874,11.570126793720641,38.81985624769776,44,9,0.21997042611668702,0.14099358220137895,4072280.4349335665,8845000.0,3667564.0720802257,16584844.507013794,0.12652626804419256,5.74248579862776,39.70534503922292,10.437882086857813,38.687010663093716,65,7,0.16940708035423063,0.12873326146832192,4145090.037557726,9170000.0,873980.4470890911,14189070.484646818,0.1375288621360165,5.7594630305838015,39.83849770963111,11.347470571946017,38.802175162204655,47,13,0.20510733178170562,0.1380070055646726,2824213.4761618273,8965000.0,2166964.819751238,13956178.295913065,0.13225871391792257,5.805855429098263,38.34359791518895,10.57968965255859,37.63754454614845,44,10,0.12906238305491752,0.1337432080300935
28,6597662.249345645,9425000.0,1619.4673041803417,16024281.716649825,0.14099358220140543,5.802727742753652,40.1198199258223,11.318503590049254,38.47035862997693,50,14,0.2083274829301628,0.1409935822013775,3945147.8240861464,8635000.0,4007188.0971100144,16587335.921196163,0.12518943343023797,5.749565811645214,39.42163698203872,10.519464174579294,38.4353500260172,39,9,0.1879555331589736,0.12747785416010693,4412809.397246559,9340000.0,1061565.9353767228,14814375.33262328,0.1368216018020432,5.828495857090087,39.57626638847408,11.254118530995154,38.47300742545342,47,9,0.1885732748774708,0.1374296881700088,3126463.4138951134,8670000.0,2523260.216050936,14319723.62994605,0.1309571133119342,5.682746423897937,38.62134021896613,10.142137234928812,37.839724365492216,36,10,0.15144386299927146,0.132452535637381
29,3955775.7891734852,9885000.0,1652.4740424913648,13842428.263215978,0.14099358220140568,5.721489447685379,39.71862008275386,11.745358625003588,38.72967613546042,37,15,0.18567314184653935,0.14099358220137959,2159914.8736081976,8955000.0,3033827.446771202,14148742.320379399,0.12906819901060612,5.645177750402414,38.72179106721656,10.703835555879607,38.18181234881464,31,7,0.13309669945871747,0.13103988102874206,6142034.607185787,9315000.0,1552128.470407861,17009163.077593647,0.13487912480936606,5.8391575739286,39.91878955050884,11.134990977331443,38.38328089871246,35,20,0.22022334366739904,0.13590633210438294,2332138.6420779866,8805000.0,2247991.020414619,13385129.662492603,0.13196355855355799,5.754949478956813,38.40941974397913,10.434908886981503,37.8263850834597,39,14,0.1339153085929537,0.13345682335067297
30,4223674.767826195,9870000.0,1651.7616668443643,14095326.52949304,0.14099358220140568,5.831046156053521,39.60753572622385,11.776010123297217,38.55161703426746,44,10,0.1915507152791331,0.14099358220137842,2744014.2483195877,8925000.0,3204719.2426862083,14873733.491005799,0.12816068283634793,5.721835029531807,38.31925659056578,10.555783917579124,37.63312815504023,52,10,0.14398178936576142,0.13045730033365413,3870017.943594474,9250000.0,929468.8116202004,14049486.755214674,0.13729377711828147,5.733994226028017,39.126425003150494,11.103377564203832,38.15892051725193,37,9,0.18026652151688052,0.1379261366971576,3248489.1242358848,8410000.0,2312360.928426497,13970850.052662384,0.13168818575449737,5.713557769874506,38.49712227913801,10.075827370511265,37.684999998078986,42,15,0.14000106867314865,0.13303366550211834
31,3739143.7388072424,9430000.0,1615.4305088473388,13170759.169316089,0.1409935822014054,5.7365929583566535,39.22369424142261,11.3308452307565,38.288908306720835,41,14,0.17414929843527852,0.14099358220137723,3887891.021977469,8550000.0,3691977.7794285356,16129868.801406005,0.12639687059451257,5.7258756361913905,39.243258948438076,10.53473246353359,38.27128619294365,43,4,0.16981256841031495,0.12869098527220804,3971286.6392835537,9275000.0,896182.4654867598,14142469.104770312,0.1374485120651461,5.773760929202873,39.368859789962634,11.041484237408001,38.376038130141865,33,8,0.181618674452488,0.13800563919001793,4238188.825418804,8670000.0,2807383.053788471,15715571.879207276,0.12979160681441493,5.8310141569881,39.5364657851025,10.656024486902686,38.47691857874792,29,13,0.17037203161506909,0.1315523595609329
32,7717836.671996687,9575000.0,1633.9522756693518,17294470.624272358,0.14099358220140554,5.802330072935891,40.24222936122898,11.641116726260082,38.312770193229824,40,13,0.19509014581829728,0.14099358220137811,3463211.7175386013,8735000.0,3761900.29948436,15960112.017022962,0.12612030132196278,5.6978578891158564,39.25041347985027,10.84691607740463,38.38461055046583,41,9,0.17435980528588196,0.1282843470670018,5424357.0396262035,9190000.0,1241348.535655252,15855705.575281458,0.13606218847259202,5.722801259459808,39.49651637993382,10.985861236177637,38.14042712002711,33,8,0.19690145587406208,0.13679547062889802,3318525.4219647087,8745000.0,2341212.4986479487,14404737.92061266,0.13152328688380333,5.736605651825623,38.20248198831326,10.737821146940545,37.372850632821994,39,6,0.14979110805180243,0.13293635893375322
33,5730330.972640426,9705000.0,1598.9271396918273,15436929.899780117,0.1409935822014053,5.854417457093112,39.77127215319901,11.588956424693297,38.338682501819214,53,13,0.19680055562337131,0.14099358220137817,3779151.7799178604,8920000.0,2980534.8614682136,15679686.641386073,0.12914496008009005,5.774824947016411,38.725902717443674,10.657501096126223,37.781114772464285,32,14,0.13661091670698294,0.1310560549952983,2599137.4078419507,9125000.0,608722.5039932443,12332859.911835195,0.13858680461060227,5.677144634358995,38.32681388531757,10.53442860758485,37.67702953335709,43,13,0.1330023732675902,0.13901296903697205,3622911.0936783613,8745000.0,2669779.7411339497,15037690.834812311,0.13048160215455953,5.76779852750409,38.98100579575798,10.696417227625428,38.07527802233835,36,12,0.14625233584976832,0.13241045634032378
34,4635664.499336589,10050000.0,1647.7248715113615,14687312.224208102,0.14099358220140565,5.777297323712842,40.188380420351315,12.029205594603608,39.02929761444559,52,15,0.2060108170067798,0.1409935822013776,5426376.526287364,8520000.0,4337906.120428744,18284282.646716107,0.12360007332184206,5.788859807293321,40.02289811198459,10.116255214910263,38.666255258867416,46,9,0.20970092710834687,0.1261823959806994,4061977.5928951246,9535000.0,931724.7865903996,14528702.379485521,0.1373670560500939,5.685556500944878,39.2780754799893,11.42534170001285,38.262581081765525,43,9,0.16473276592386957,0.13798836670512973,5334107.478994905,8800000.0,2932791.4450601907,17066898.924055096,0.1292256931595102,5.77699928960593,39.39618708396769,10.619262453909332,38.062611753586985,47,9,0.17704714868723614,0.13112047853024675
35,4922602.385577132,9805000.0,1619.1111163568414,14729221.496693488,0.14099358220140543,5.809663219979762,39.58845211571214,11.661865385909373,38.35780151931778,45,10,0.17619425323975282,0.14099358220137834,2240697.620318896,8830000.0,2929472.7243412174,14000170.344660114,0.1292929264386216,5.721282156804516,38.551331096395394,10.945015055972943,37.991156691315794,37,12,0.12358275932352582,0.13155752837251858,4002669.026331887,9155000.0,997171.925322291,14154840.951654179,0.13702791561147862,5.761618303316216,39.19410847462566,11.164985947901506,38.19344121804303,28,11,0.1936020896419293,0.13777643851297675,5731316.586202903,8470000.0,2897274.7694797833,17098591.355682686,0.12937777758822194,5.871621868882996,39.26162774262523,10.371490182784578,37.82861934017188,50,10,0.18244819203401108,0.13100269478337256
36,5461456.783646325,9665000.0,1616.1428844943393,15128072.926530818,0.1409935822014054,5.8835095125595185,39.863452503089285,11.478176393430061,38.498040698627136,58,18,0.2033155354084563,0.14099358220137856,3301438.5767695317,8765000.0,3290196.9600889906,15356635.536858523,0.12795551677212116,5.698132497782326,38.63913636008526,10.434641363852625,37.813776715892885,43,12,0.1518644686656928,0.12992739021907024,4278716.066887335,9275000.0,814033.9169790378,14367749.98386637,0.1377377051193707,5.735193589208959,38.66230724760674,11.080443783957216,37.59262823088472,22,6,0.15810309203920564,0.13822659876231366,3364533.732749769,8615000.0,2612050.2427916536,14591583.975541422,0.13060983847115004,5.672528380295798,38.700899900782495,10.526013508694989,37.85976646759522,32,13,0.15559888139357178,0.13234905333500638
37,4204394.461110922,9400000.0,1627.184707022847,13606021.645817943,0.14099358220140548,5.754152460554564,39.691137087929505,11.325966465758338,38.640038472651774,41,7,0.19454025403025765,0.14099358220137836,3756099.0664333897,8685000.0,3286864.4667740935,15727963.533207484,0.12794574948161963,5.781833450447726,39.044149027973944,10.673062754403473,38.10512426136548,35,15,0.14869231514638842,0.13021564379616468,6057884.815820928,8950000.0,1323474.2881422788,16331359.103963207,0.13571723890783302,5.823476289324939,39.861801837238204,10.878049018732607,38.34733063328323,32,10,0.18679115207388258,0.1363988462984738,3461002.768770534,8745000.0,2782970.4150030846,14988973.183773618,0.12991853898761266,5.720637168621689,39.296696945401465,10.779602239513826,38.43133975489297,56,6,0.1658234532355673,0.13163119989122637
38,7693613.385549275,10045000.0,1627.6596241208474,17740241.045173395,0.14099358220140548,6.029033069491109,41.29518816867902,12.43464198759089,39.3717848222918,36,14,0.24537860100493591,0.14099358220137737,3487917.2738739466,8545000.0,3745240.326225161,15778157.600099105,0.1260780995769887,5.737450172651802,39.19427956593884,10.3440831616235,38.32230024747019,41,10,0.17614280271362098,0.12850001103053618,8002831.0163418045,9295000.0,1598751.9135567718,18896582.92989858,0.13472547576023972,5.76597283688767,40.15365250841062,11.288736100973743,38.152944754325176,33,15,0.22433767963475054,0.13548864420608628,4004084.8030351843,9005000.0,2901729.1357221305,15910813.938757315,0.12946095611327146,5.686136077056172,39.19350917199876,10.968856960401482,38.1924506506923,46,8,0.17295066801369807,0.131145699463545
39,8837265.857065605,10300000.0,1674.08277045038,19138939.939836055,0.14099358220140584,5.992384733251281,42.085738076452614,12.584337157081361,39.87642161218608,43,9,0.28087011479258694,0.1409935822013796,4227095.1295190295,8850000.0,3714160.326224965,16791255.455743995,0.12617132557507751,5.774783850692558,39.4257190001057,10.735597054163573,38.368945217725994,34,10,0.1768750650094188,0.12843369290773549,4180913.0021873773,9380000.0,1052693.1778624149,14613606.180049794,0.13687514795663608,5.736372443564619,40.11405807190626,11.331286696007894,39.068829821359515,38,14,0.21064008148906954,0.1376797786922222,2733402.988162713,8895000.0,2465546.033785347,14093949.021948058,0.13119620725446926,5.671176512654699,38.6690407251704,10.58129693280023,37.985553595209545,49,5,0.14425101937461762,0.13263256966132228
40,3860265.3097458445,9335000.0,1611.7499013378365,13196877.059647182,0.14099358220140537,5.779753422035972,38.894363261335215,11.353292150156673,37.929296933898726,31,11,0.1765940896564772,0.1409935822013783,5221333.215970518,8430000.0,3378988.411581735,17030321.627552252,0.1276113456789778,5.7867069997195175,39.557530137659946,10.178424644883073,38.25219683366719,33,15,0.1570241983371477,0.1296075644070039,3897488.238423468,9410000.0,982768.2832212164,14290256.521644685,0.13714326920984918,5.721538326292555,39.71513447509149,11.216034928448556,38.740762415485634,36,6,0.1954132216718234,0.137941574726576,5101585.624007283,8495000.0,3416720.456720028,17013306.08072731,0.12747967845864666,5.793018564916411,40.1467089581158,10.703431158961092,38.87131255211388,43,12,0.21035492479477216,0.12949692097915189
41,2858363.1602045395,9370000.0,1615.786696670839,12229978.94690121,0.1409935822014054,5.694333514426537,39.11053527254733,11.792596029401583,38.39594448249619,30,10,0.1634625983327652,0.1409935822013779,2810273.3938355194,8760000.0,3478865.8530189446,15049139.246854462,0.12711380867924202,5.794917668613197,38.64883369416264,10.307512740720563,37.94626534570377,35,8,0.1552088455547754,0.1296764469536923,2657390.7567887628,8995000.0,687499.9721720195,12339890.728960782,0.13823166264469428,5.723157539476638,38.181979833744634,11.032804128288248,37.51763214454738,37,12,0.13579677331104323,0.13879653827772404,4163407.8328151866,8885000.0,2677549.6224048436,15725957.45522003,0.13044791396751315,5.679048250735502,39.07216730128038,10.627834271252581,38.031315343076564,31,9,0.15886198732854223,0.13188852215246663
42,4400461.50929305,9855000.0,1633.3586292968516,14257094.867922349,0.14099358220140554,5.73109756103367,39.30987490235382,12.212819791589347,38.20975952503039,41,10,0.16088688015604977,0.14099358220137745,4037986.1562298387,8685000.0,3754124.481749734,16477110.637979573,0.12608995976032675,5.80826301445789,39.50677077236613,10.420628938603107,38.49727423330858,36,9,0.17422447007503297,0.12828800642279103,4788498.989369197,9350000.0,1183650.1443831583,15322149.133752357,0.13633495523986386,5.751275112554046,39.604917526003476,11.167216686945874,38.40769024426139,47,12,0.18935394499382732,0.13687135896410632,5417746.174681046,8810000.0,3008273.938374988,17236020.113056034,0.12900904047827497,5.832945565155601,39.485313338211746,10.807694279947123,38.1308767945416,35,4,0.189960217277943,0.13052558558607255
43,6618252.33747687,10055000.0,1658.766694039869,16674911.104170907,0.14099358220140573,5.8176166907741145,41.17625655024208,12.043768513809374,39.521693465872886,36,9,0.2464667715769867,0.14099358220137848,2599118.7937008827,8450000.0,2818467.1440651547,13867585.937766038,0.12961278306639865,5.688023720240338,38.125134907366345,10.374267305968186,37.47500241889083,49,5,0.12866412476380265,0.13149115909473855,4761400.330546654,9660000.0,909506.264823569,15330906.595370224,0.13740730043839855,5.703370373957686,39.560405230467396,11.758243037750502,38.37005514783072,41,5,0.15632406969706722,0.13784258463273855,5397601.6302367095,9035000.0,3060453.3179878127,17493054.948224522,0.12890717038887411,5.686329218606589,39.47983030441255,10.798539407377021,38.130429896853265,33,13,0.1830939178239903,0.13056703433697248
44,5344515.684773282,9790000.0,1654.0175230598659,15136169.70229634,0.14099358220140568,5.747489534371502,40.116829510409204,11.517598688951315,38.78070058921587,32,11,0.20024642146396696,0.14099358220137678,4250603.437938045,8320000.0,3847336.5803701812,16417940.018308226,0.12554832160789872,5.805317894413185,38.98556348089978,10.23516532460223,37.922912621415314,34,15,0.1859558879383103,0.1278673999005696,4951422.593060907,9600000.0,1140370.1176422501,15691792.710703157,0.13651795041224565,5.775459006691102,39.983331672658345,11.266594223192604,38.74547602439299,39,13,0.19625300282369892,0.1371778617822767,2709300.604668705,8625000.0,2185827.814724072,13520128.419392778,0.13215622343939307,5.695801475910246,38.29410760189573,10.515868200821918,37.616782450728564,40,14,0.13925281171774986,0.133643962236439
45,3201846.148408776,9225000.0,1615.786696670839,12428461.935105447,0.1409935822014054,5.784281793052412,39.34055768529603,11.018768507107412,38.540096148193776,42,12,0.16213646362867576,0.1409935822013782,3706903.3355584885,8475000.0,3139233.516939613,15321136.852498103,0.12840156669293973,5.711304606426298,38.338946013182294,10.284114756504596,37.41222017929266,44,10,0.14933329741178739,0.13041764272768538,5170969.821895537,9550000.0,1284666.1995761732,16005636.02147171,0.13598979681147003,5.733512105765051,40.13656479732388,11.651561784002098,38.84382234184984,31,13,0.22121571970054832,0.13669856093533359,2981882.800051465,9065000.0,2606507.247819164,14653390.047870629,0.1306691389011827,5.689928765488135,38.80968804810585,11.01589912598168,38.06421734809305,35,15,0.15123180059956076,0.1323864513441832
46,4065917.7170373877,9725000.0,1619.2298456313417,13792536.946883017,0.14099358220140543,5.708658354667698,38.67487783659211,11.927744836752433,37.65839840733256,25,13,0.1511148258053603,0.14099358220137945,3270478.095275601,8435000.0,3040452.6590939183,14745930.75436952,0.12878711507890087,5.730721059100592,38.344250546635294,10.029372498487405,37.526631022816545,37,11,0.13811509212162126,0.1309052076208477,5067873.779538996,9090000.0,1122576.992174622,15280450.771713618,0.13649485207405623,5.783243617143456,39.614599907252575,10.754922865161346,38.34763146236773,38,16,0.20711323485128832,0.13726957581288657,3483403.180883715,9055000.0,2528820.3080390375,15067223.488922752,0.1310114731732926,5.63546135582707,38.65155408391975,10.752879531401994,37.780703288698874,42,10,0.14836116941078478,0.13267202278838064
47,3113936.287395066,9570000.0,1615.3117795728388,12685551.59917464,0.1409935822014054,5.709525966569304,38.61035178523859,11.392747867937546,37.83186771339001,22,15,0.14365187157098364,0.14099358220137792,2799729.088140148,8700000.0,3068200.5219669202,14567929.610107068,0.12868206499830004,5.729699545449421,38.61058496553537,10.529118282696752,37.910037404155,52,6,0.1366021235756051,0.13083116320071075,3269944.8591803815,9275000.0,749685.7364245969,13294630.595604979,0.13804229229107887,5.706217741892213,39.13928504420289,11.158234269447131,38.32179882940792,36,19,0.16604071190635875,0.1384327393641359,2898649.9543518573,8990000.0,2507701.4568253197,14396351.411177177,0.1308955326054084,5.818324793418016,39.1023886282457,11.043279619243462,38.37772613965779,42,5,0.16050701829521324,0.13239057441205496
48,5532309.455996497,9570000.0,1626.3536021013465,15103935.809598599,0.14099358220140548,5.835254299504492,39.8175244551145,11.511414577427454,38.434447091115494,37,8,0.2101832961501946,0.14099358220137828,4306496.045974508,8510000.0,3937252.873022002,16753748.91899651,0.12534308249668222,5.675112010749472,39.43283431483635,10.540460907282602,38.355983842227026,70,8,0.19040444680034693,0.12746283081177767,6244270.143213159,9580000.0,1474461.0022290098,17298731.14544217,0.1352657317278344,5.806812044857033,40.58372101955054,11.692354971275929,39.02265348374715,41,7,0.20992534114648628,0.13613247917921809,3069555.759581597,8855000.0,2614259.319698734,14538815.079280332,0.13053404572818217,5.72374505086885,38.69800644191995,10.519682898843119,37.930617502024546,36,10,0.15666806228145175,0.1323966280625008
49,9437237.668607503,9390000.0,1633.0024414733512,18828870.671048976,0.14099358220140554,5.842061888872642,40.88203178447739,11.25680700761282,38.52272236732569,35,14,0.2168551760629001,0.14099358220137898,3839464.538426313,8325000.0,3406712.884787065,15571177.42321338,0.12731083538352808,5.7679311593863085,38.96666630448399,10.00438943392865,38.00680016987756,43,13,0.15866822019188986,0.12952087824167616,3676131.580946908,9040000.0,842888.2179738133,13559019.798920719,0.13761931251053156,5.774122481550708,38.960755883078264,10.859170284363495,38.04172298784157,34,11,0.1518696628992659,0.13817713106370155,3043355.1091433745,8920000.0,2746358.5805819817,14709713.689725358,0.13016251896872882,5.746575309533287,39.21936604718349,10.391170913715378,38.45852726989787,45,9,0.16256204551667428,0.131909482838299
50,5033625.510346718,9775000.0,1629.4405632383487,14810254.950909957,0.1409935822014055,5.755700569690354,39.98895900646302,11.895010779402075,38.73055262887638,45,9,0.20292152938578578,0.1409935822013775,4576690.492834808,8915000.0,4234717.6756752115,17726408.16851002,0.12433185333544407,5.793516833513436,39.96085724882344,11.081269622199336,38.8166846256148,44,13,0.20329210693602295,0.12672380436061143,5105111.292857614,9650000.0,1235819.7881953327,15990931.081052946,0.13614773954878331,5.803719200631658,39.83215910061958,11.539412989245784,38.55588127740524,40,9,0.20362198458705397,0.1368972052199694,2535259.969671984,8760000.0,2146992.893341848,13442252.863013832,0.13236890748846258,5.698230274299836,38.0741758752542,10.617557895561374,37.44036088283621,44,10,0.13011557521783823,0.13366012778657727
51,5030329.570662299,9595000.0,1618.2800114353408,14626947.850673735,0.14099358220140543,5.706386809714329,39.3871300736068,11.731445265004977,38.129547680941144,41,19,0.19450110478115026,0.14099358220137703,4399747.069424397,8735000.0,3809602.8730219617,16944349.94244636,0.1257214364429015,5.745847479190949,39.29117431327923,10.309959039530321,38.1912375459229,37,10,0.18917099738566662,0.12779646249322268,3563459.272227725,9270000.0,834053.3350981333,13667512.607325858,0.13774389975017984,5.70823861778335,39.757232726074015,11.182598120670079,38.86636790801722,36,9,0.17600112452543043,0.13841509316323206,2820176.954145535,8540000.0,2443334.991962429,13803511.946107965,0.1312052683382178,5.731781427979499,38.41403249889798,9.844102598481483,37.708773673984616,48,10,0.14467634799403936,0.1327417411265235
52,5036876.139561988,9805000.0,1634.0710049438521,14843510.210566932,0.14099358220140554,5.7142412955876525,39.18852928970299,11.848304482710244,37.92931025481248,31,10,0.18289265481497488,0.1409935822013789,3502377.740263489,8555000.0,3422277.224288604,15479654.964552091,0.1274685861992963,5.693719463808028,38.86737732303872,10.496484004243387,37.99178288797297,38,12,0.15698769882898922,0.12963082307099882,4660381.166281647,9180000.0,1062640.7915114323,14903021.957793077,0.1367258692771704,5.719682298015835,38.855493230199386,10.95100404235638,37.69039793862913,36,8,0.1783673795077416,0.13746812769613043,3210384.502947009,8770000.0,2729697.420030386,14710081.922977395,0.13014825241646885,5.711852573302957,39.09315396840955,10.38558046454906,38.29055784267281,41,12,0.1724236729849923,0.131788879398904
53,4577079.823645956,10360000.0,1646.06266166836,14938725.886307625,0.14099358220140562,5.762231337715409,39.766451237230584,12.557457406231054,38.622181281318994,39,13,0.1969763044143065,0.1409935822013783,1976536.821999946,8595000.0,2974980.5872146497,13546517.409214599,0.1291312450017858,5.6777590128333495,38.03057270396553,10.312851519257466,37.53643849846558,29,11,0.12571749047062314,0.1314351328022025,4607861.686122303,9455000.0,1199193.7062614434,15262055.392383747,0.13628572498768868,5.799005045065188,39.44436809668704,11.526344077499498,38.29240267515635,44,8,0.17902250893434155,0.1370356346821509,6259309.04459942,9020000.0,3697541.7894827076,18976850.83408213,0.12654515630609361,5.803953902035744,40.582117921050155,10.82405220459855,39.01729065990013,31,14,0.22553258673604482,0.12848951142769283
54,4891163.895150197,9735000.0,1654.7298987068664,14627818.625048904,0.1409935822014057,5.720224308022782,39.857949467068984,11.44368508660296,38.635112618399596,47,15,0.20462213470919577,0.14099358220137762,3910922.252402574,8460000.0,3989404.9449013676,16360327.19730394,0.1250133804926224,5.7209466083740255,39.157428561766345,10.38697717476437,38.17969799866562,44,11,0.18472238174662095,0.12773748824615838,4871616.574900411,8895000.0,1084844.8283067555,14851461.403207166,0.13665531147742174,5.770275568889165,39.23481292097944,10.54777602940111,38.01644724036257,61,8,0.1699374764725876,0.13721516412037285,3311587.597151032,8860000.0,2753007.301301103,14924594.898452135,0.1300668425923511,5.754514436165188,38.81669879567139,10.591851303053774,37.988801896383414,35,17,0.1596925285762784,0.1316625006875929
55,9048613.500917861,9710000.0,1630.8653145323497,18760244.36623239,0.1409935822014055,5.890272234146019,40.79958009010416,11.812224521557804,38.53742671487455,31,10,0.24940618885179797,0.14099358220137806,4169036.3234657003,8920000.0,4048252.635563459,17137288.95902916,0.12501691134416715,5.786878943350188,39.55400364662371,10.564894016602661,38.51163893160443,56,8,0.19410599266988288,0.12713386846867672,3746896.278750238,9495000.0,877303.7982497832,14119200.077000018,0.13750023417475202,5.730471657703491,39.00271811863235,11.623263570118436,38.0659940489449,41,9,0.1485600670782362,0.13813775774290138,4150887.0888900557,8655000.0,2562077.4467715276,15367964.535661584,0.1306238351091487,5.807678727786344,39.04141248893607,10.45900857223134,38.00369071671352,38,12,0.17208412992501088,0.1322383527317922
56,5856697.746511873,10090000.0,1653.0676888638652,15948350.814200737,0.14099358220140568,5.873489850034281,40.72563832990725,11.9947379595901,39.261359758195354,50,14,0.2349572592423135,0.1409935822013775,3222353.4594817013,8740000.0,3778536.170700962,15740889.630182663,0.12593989098834865,5.739386809019503,39.19773401820313,10.56599632724584,38.39201156285598,50,12,0.17278692376896743,0.12834418649646848,4699152.46029776,9390000.0,1189201.331675905,15278353.791973663,0.1363185381208026,5.811247508634268,39.7713084207083,11.49418587949964,38.59652030563363,35,11,0.180535512840665,0.13692440141514928,4867994.612318854,8765000.0,2980525.24439687,16613519.856715724,0.12910912446159203,5.794005341120174,39.617993433025156,10.501262675569482,38.4009947799455,39,11,0.1899938373770783,0.1305874884537692
57,6327271.464950736,9880000.0,1643.8068054528585,16208915.271756189,0.14099358220140562,5.754465910554421,40.51800662582297,12.268061479710562,38.936188759585065,39,11,0.21482380195800738,0.14099358220137806,3902089.95511573,8965000.0,3693094.309538821,16560184.26465455,0.12645206825285826,5.691054725015248,39.389107775239815,11.007375823186907,38.41358528646111,43,8,0.17423683595160913,0.1286047852514553,3995296.6748870965,9360000.0,979429.0223378267,14334725.697224922,0.1371336369447705,5.743751131870441,39.52283572597384,11.149508438287988,38.524011557252294,43,11,0.19612125498946748,0.13783271624732582,1490596.216678971,8980000.0,2020489.3432291246,12491085.559908096,0.1329959223030921,5.636655092021102,38.2324895250863,10.865527470587688,37.85983933093364,46,12,0.10211290763415401,0.1344531143840086
58,5695209.593857004,10085000.0,1650.5743740993632,15781860.168231104,0.14099358220140565,5.888735353940683,40.462292878130896,11.931345655155239,39.03843928390565,55,11,0.22760770358388893,0.14099358220137856,1991663.186520597,8690000.0,2762997.894947298,13444661.081467895,0.13000859305530546,5.614989576695569,38.261369715125326,10.184645258809152,37.76345391849526,41,9,0.11617013778475929,0.132108360043752,5458454.870383024,9445000.0,1310171.0289699545,16213625.89935298,0.1358177919201126,5.870805977355453,40.48676684130246,11.595494064295414,39.122153123706745,29,12,0.2069512031995091,0.13641688633428245,2873125.4048206024,8980000.0,2427794.8732334753,14280920.278054077,0.13124658823413798,5.7715170428216345,38.77463832681699,10.526424449050287,38.056356975611735,37,6,0.15108130832106612,0.13265667043410329
59,3525992.000022242,9270000.0,1633.7148171203517,12797625.714839362,0.14099358220140554,5.779351690362001,39.34628679763874,11.313653562013721,38.46478879763302,34,17,0.1848421559705604,0.1409935822013791,6303672.668633135,8485000.0,4615416.8060638495,19404089.474696986,0.12294253115831745,5.797425103821164,40.50901788701647,10.387108013531535,38.93309971985816,33,9,0.22757530420834576,0.12537720345712444,4412725.185426101,9370000.0,1095956.4637756785,14878681.649201779,0.13664693291692778,5.742461671351999,39.317241705273666,11.562328964044111,38.214060408917234,31,13,0.1872699499016759,0.13735983997955153,3608559.831156912,8860000.0,2838477.8949475028,15307037.726104416,0.12979245890690283,5.7358187582307805,39.3293547838389,10.398586098982271,38.42721482604958,39,7,0.16821917061651162,0.13143828290089885
60,4809288.457210862,9755000.0,1616.9739894158402,14565905.431200275,0.1409935822014054,5.881344190024583,38.98730644217096,12.223182133086523,37.78498432786823,43,9,0.1532573912288235,0.1409935822013776,4892971.693824261,8400000.0,4293555.630536232,17586527.324360494,0.12424665501068954,5.7291084025879355,39.945083628317654,10.183209707842767,38.72184070486164,39,8,0.20227636733469787,0.12658478545182716,4500941.311737522,9780000.0,1111536.356811865,15392477.668549389,0.13669420622661332,5.787734744834736,40.09744174145603,12.11319398476985,38.97220641352163,36,13,0.20271648482544097,0.13721016646380071,4258746.695489277,9000000.0,2988316.022019903,16247062.71750918,0.12924120289840257,5.777597142171571,39.456476188205855,11.074548580457474,38.39176435918274,47,13,0.17540384951176452,0.13084680480490202
61,4409526.87389099,9920000.0,1645.70647384486,14331172.580364835,0.14099358220140562,5.783278710425314,40.04692809372508,11.951845281151451,38.944546375252166,35,14,0.19410601827367804,0.1409935822013787,2227651.5890501444,8540000.0,3020463.635668911,13788115.224719057,0.12878206206461404,5.775631940492972,38.34874310821562,10.077046211172233,37.79183021095311,38,4,0.13334415852635095,0.131150118493285,5947366.127105159,9100000.0,1476660.1058767173,16524026.232981877,0.13519030022692644,5.821952864040225,40.5094204273537,11.172830294730039,39.022578895577624,45,12,0.235969157768694,0.1358857429629413,5607851.989222281,8895000.0,2970543.1992585915,17473395.188480873,0.12919252131315745,5.70574988696484,39.80410620095125,10.98201787709555,38.402143203645814,34,4,0.1783937294050271,0.13098891183088188
62,4413656.78241269,10160000.0,1647.131225138861,14575303.913637826,0.14099358220140565,5.77455368058956,40.00513054037271,12.09736406100438,38.901147914045325,56,12,0.1893927956342261,0.14099358220137798,2599394.3528670706,8805000.0,3135923.81964577,14540318.17251284,0.12856989105695393,5.667139584225549,38.47349844863287,11.028326417057512,37.823542475067306,48,9,0.1414425524625691,0.13060820202180692,3292591.186615182,9205000.0,725247.6895748791,13222838.876190059,0.13810318644686626,5.722351662527717,38.83295061254256,11.150033827115267,38.00980281588871,35,12,0.151083117915363,0.13857884420186814,2890957.723967203,9055000.0,2638695.2294213544,14584652.953388557,0.13055305247468596,5.728713419976394,38.75567803222479,10.949700258431609,38.032938601233255,27,11,0.14770014462563255,0.13238594923954738
63,4819537.441908003,9260000.0,1614.8368624748387,14081152.278770477,0.1409935822014054,5.799231571463828,39.572265938591556,11.293288787261947,38.36738157811446,36,16,0.18599961649885915,0.1409935822013778,2890648.10331217,8760000.0,3151456.5771603943,14802104.680472562,0.12846512110592015,5.735016910550646,38.956043991459445,10.513907828286309,38.2333819656315,34,9,0.14089120081499096,0.13054313394128186,3932398.0337766027,9345000.0,1030503.2698507792,14307901.303627383,0.13697929266268943,5.75380709315412,39.52254310614797,11.229850167711449,38.539443597703716,39,13,0.1783663128398101,0.13756782739733475,2384787.5836213753,9070000.0,2141448.829805929,13596236.413427306,0.13241927421793412,5.641419134604346,37.84062938524863,11.055525875677585,37.24443248934329,43,6,0.12253032562654446,0.13397472080469802
64,2474290.295673317,9815000.0,1631.5776901793502,12290921.873363495,0.1409935822014055,5.688996283519828,38.714418816454355,11.93511262960894,38.0958462425361,37,7,0.13519619593646326,0.14099358220137856,3333581.1507960972,9120000.0,3770778.5185450832,16224359.669341182,0.1260775411181559,5.7328686932141055,39.246127603711955,11.205314944643709,38.41273231601302,42,11,0.17536147959395385,0.12835568790593038,4112557.1367162936,9395000.0,939483.9822263933,14447041.118942687,0.13731420249979384,5.70069430476035,39.59796907195747,11.095047984322122,38.56982978777848,40,14,0.17237784965373645,0.1379622112001709,3864795.4185628425,8915000.0,2759650.560473345,15539445.979036188,0.1299380570585171,5.7650905781215505,39.30217564291262,10.729621083111692,38.33579969541848,50,4,0.1667284774342088,0.13176814942779627
65,5180881.782174256,9605000.0,1633.0024414733512,14787514.784615729,0.14099358220140554,5.914895356434627,39.754643432508814,11.841045448742909,38.459422986965244,44,8,0.20164329903166311,0.1409935822013783,4315907.503134474,8360000.0,3959460.8278833306,16635368.331017805,0.12535490426790036,5.759818793800452,39.504297053628235,10.120188725573195,38.42532017784453,33,16,0.18735698138472254,0.12756515776363628,5176424.488169809,9395000.0,1281308.179467387,15852732.667637194,0.13591371802948,5.7645921566427,39.59691068157297,11.421604266020022,38.302804559530564,33,14,0.21469473461942118,0.13658389047267586,4632860.656941564,8675000.0,2690839.5838984307,15998700.240839995,0.13022027804650113,5.739137654068952,38.682567173240265,10.285947475016773,37.52432797498871,47,10,0.16404461291975123,0.13205830609480743
66,6341902.27446117,9680000.0,1640.2449272178562,16023542.519388385,0.1409935822014056,5.792938523432717,40.36814659273923,11.99479945965493,38.78267102412389,37,12,0.21090066381087297,0.14099358220137817,4409238.94573042,8220000.0,3724147.714181107,16353386.659911525,0.12611716088662983,5.777788208012553,39.61513449578796,9.769895410254865,38.51282475935563,45,11,0.18182108549420933,0.12819176115452013,3536260.031840292,9335000.0,834023.6527795157,13705283.684619807,0.1376846330629943,5.7109009534159485,39.139547485138735,11.289693981552206,38.25548247717862,32,12,0.16427495989094143,0.13822059817036708,3578549.697590288,8615000.0,2574295.6390910204,14767845.336681308,0.13063415408028173,5.7758386941509645,39.095762077360966,10.580917181433046,38.20112465296352,40,11,0.16570123083046587,0.13190470278995642
67,3809926.115028586,10090000.0,1651.9991253933642,13901578.114153981,0.14099358220140568,5.769251040822518,39.75063014136038,12.318399705149947,38.79814861260295,39,12,0.17156930453643712,0.14099358220137811,2693860.8154653385,8665000.0,3077084.321303666,14435945.136769006,0.12868299154084306,5.746431837084369,38.84968171376216,10.558570645899227,38.17621650989591,45,12,0.13712211699597276,0.13066452858314442,5132621.397372159,9400000.0,1173662.044051561,15706283.441423722,0.13637533229551793,5.784250460003746,39.55542178066778,11.154230532104561,38.27226643132475,41,14,0.1842942042436912,0.13687541979602147,3584166.3779666554,8765000.0,2564317.986935908,14913484.364902563,0.1307559838092268,5.728954742692439,38.785482170319234,10.959324703763517,37.88938502607237,47,15,0.15849148279996972,0.13234772902605574
68,6051855.791055912,9695000.0,1630.8653145323497,15748486.656370444,0.1409935822014055,5.799802546624196,39.856494334046054,11.65401772927201,38.343530386282126,35,7,0.2179096317702622,0.14099358220137792,2626801.142890596,8600000.0,3344568.794510131,14571369.937400723,0.12763802642973285,5.726732126142793,38.45880302159815,10.149658340503388,37.80132211482509,55,7,0.1542492460597398,0.12978312304553355,4658186.719206906,9510000.0,1103730.7380295477,15271917.457236454,0.13663082233802737,5.828242732216385,39.63632499052322,11.722498914704888,38.471778310721405,27,10,0.19761447747313468,0.1373788010019573,3494879.1159131136,8995000.0,2815163.1457764753,15305042.261689587,0.12983148764385047,5.820784643342025,39.161618618804226,10.925796994876922,38.28789883982593,35,13,0.1713309155416956,0.13160698142016145
69,5395489.68983602,9680000.0,1634.5459220418522,15077124.23575806,0.14099358220140554,5.78379248066306,39.67952842771591,11.929387872033216,38.33065600525691,41,13,0.19299573398827782,0.14099358220137914,2226902.1021947507,8625000.0,3003824.083845209,13855726.18603996,0.12891538632056884,5.7218909470852175,38.48934767696491,10.471758267602812,37.93262215141633,36,11,0.13693711684321624,0.13085865761348903,5430932.728170062,9720000.0,1313512.3082510685,16464445.036421131,0.1358441895787831,5.898113511146651,40.162777895321994,11.595482758644621,38.80462658049717,51,14,0.2246893111813188,0.13663012594802182,8047064.659787643,8775000.0,3932832.938269173,20754897.598056816,0.12559078252895206,5.835702126339445,41.10224594403673,10.567472381211164,39.090479779089854,40,9,0.2446930356865671,0.12698150315289533
70,5725202.994343101,9710000.0,1639.888739394356,15436842.883082496,0.1409935822014056,5.8530144098004575,40.33228686227523,11.522076294739414,38.9009861136894,35,15,0.19637680865712415,0.1409935822013785,2857727.1234899485,8535000.0,3175863.279481289,14568590.402971238,0.12828383071280294,5.776006509976257,38.41848918803274,10.379594488019114,37.70405740716036,41,14,0.14485835360130717,0.13039336807984694,3718871.5194015857,9285000.0,865112.91366293,13868984.433064517,0.1375869016715802,5.658755560828615,38.719803728784285,11.026132846290572,37.790085848933934,42,6,0.18247138478808267,0.1380519594886034,2429351.0169577794,8600000.0,2168078.2629001895,13197429.279857967,0.13227115897393105,5.735986965625479,38.391829058439,10.379690999597589,37.78449130419957,39,9,0.1241646659361062,0.13394718994657048
71,7372692.8420267785,9645000.0,1644.281722550859,17019337.123749327,0.14099358220140562,5.821182124287114,40.9666854285364,11.706135585844702,39.12351221802968,35,13,0.25497142480692153,0.1409935822013784,3005812.163222741,8750000.0,2590957.2745598867,14346769.43778263,0.13063501002289765,5.650542182125514,37.890951769050005,10.409809262886775,37.139498728244476,35,8,0.11629294125662613,0.13251229765041164,3940744.132372416,9640000.0,1091547.689574833,14672291.82194725,0.1367475619593116,5.848599169845695,40.0028136033709,11.719114709461186,39.01762757027793,43,13,0.18827422399831822,0.13757903867886123,3429300.4738630587,8940000.0,2998301.154119903,15367601.627982963,0.12916572963454565,5.712313888920266,39.283608524776255,10.994908426361356,38.42615303372326,49,6,0.1742340901074308,0.13104469360692092
72,4013228.7929205312,9690000.0,1649.980727726863,13704878.773648256,0.14099358220140565,5.643005565745307,39.277699384806276,11.649896371173584,38.274325737762915,47,11,0.17253773588900662,0.14099358220137737,2384023.517810215,8475000.0,3021581.4718012107,13880604.989611425,0.12883851614256975,5.7720863793957875,38.3074833009562,10.686707857821284,37.7114774215036,31,11,0.13143938430011998,0.13101342630934543,3570762.0046598567,9670000.0,846244.6946020577,14087006.699261917,0.13766182905461213,5.765164695962574,39.276441299844954,11.848097238413832,38.38375079868002,38,13,0.15419111768657662,0.13819701715511892,2842373.7294558436,8675000.0,2446675.796326691,13964049.525782537,0.13125403494862742,5.705107799474812,38.34765608434916,10.679479378631285,37.636691506071884,52,8,0.14014055007900675,0.13289324575306108
73,5187579.908615639,9595000.0,1614.9555917493383,14784194.86420739,0.1409935822014054,5.745468551025284,39.70605090693511,11.500360993264742,38.409155929781164,44,15,0.20652626365319499,0.14099358220137934,3028447.888113779,8710000.0,2637566.5889253877,14376014.477039166,0.1304109353112951,5.709655992469053,37.899928520150546,10.67279004461112,37.14281654812214,44,14,0.11709414966819873,0.13222357890587225,4320386.956348953,9680000.0,1099323.3885800196,15099710.344928972,0.13673264733437146,5.724365697919371,40.16176996717281,11.728878734621281,39.08167322808563,36,19,0.19670716773800867,0.13741373054459477,2999354.4477435024,9000000.0,2553216.205996496,14552570.65374,0.1307746397858512,5.765724993627987,38.900701276372395,10.73902988591234,38.150862664436445,36,7,0.15398997930488212,0.1322234426985257
74,3515451.0054222876,9785000.0,1632.883712198851,13302083.889134485,0.14099358220140554,5.748641262836992,39.043542575192966,11.939275195355204,38.16467982383754,44,7,0.16404533605886717,0.14099358220137806,3090984.6107062628,8705000.0,3396735.9450072926,15192720.555713555,0.12745264160122688,5.714597827486897,39.221053634873,10.325268756758396,38.448307482196405,37,13,0.15238544094894133,0.12980244210346517,3671855.752960761,9435000.0,812951.6996292558,13919807.452590015,0.13779923263786265,5.7280557332128454,39.63429967943135,11.509149710499745,38.7163357411913,40,9,0.17663056930604354,0.13824352839178158,4679134.096030082,8590000.0,3355686.128984032,16624820.225014115,0.12777926826499125,5.792462557845633,39.96281292412076,10.428270403157505,38.79302940011321,36,12,0.20864234367252912,0.1295763628994245
75,3615828.33301068,9515000.0,1633.1211707478512,13132461.454181429,0.14099358220140554,5.938392312955129,39.322275726677574,11.708716664243948,38.41831864342495,41,9,0.15791068981774298,0.14099358220137767,4222594.354652971,8615000.0,3856231.0653419043,16693825.419994874,0.1256607607292165,5.762794616538188,39.40507675387299,10.494380507725753,38.3494281652096,44,13,0.1878424027345717,0.12778442439778365,3808944.9386894847,9885000.0,815177.9922807962,14509122.930970281,0.1378035056033306,5.773760819362853,39.60284078630965,11.948499223212233,38.65060455163712,44,11,0.16370871893751598,0.138144947780327,4061067.1503291125,8905000.0,2477739.5304163247,15443806.680745436,0.13104594080202672,5.70923654137514,39.12670492966923,10.79032499109574,38.11143814208677,39,20,0.15150354752087888,0.13247911049050173
76,7785670.908431924,9980000.0,1636.920507531854,17767307.828939456,0.14099358220140557,5.842760409568471,40.43254809971301,12.183555267658715,38.48613037260508,35,8,0.1943281759206807,0.14099358220137767,3713618.781378166,9055000.0,3501057.898157989,16269676.679536153,0.12697655628950338,5.722899678656812,38.88192111008988,10.832933000864466,37.95351641474535,39,15,0.16122416471439407,0.12923936464220032,4726724.221126435,9235000.0,1151472.7296862877,15113196.950812722,0.13648907311408015,5.733781700848591,39.49802083680544,11.344150125397453,38.316339781523865,40,10,0.1942079771447386,0.13709394334587727,3155424.3690719744,8605000.0,2698625.25616262,14459049.625234596,0.13029932251555365,5.786741061378449,38.838062243533464,10.140310243068882,38.04920615126562,41,10,0.15955941445269228,0.1321630268974642
77,8999858.547226844,9905000.0,1657.3419427458682,18906515.889169592,0.1409935822014057,5.906195588922855,41.93004374829996,12.109630373134012,39.68000498388487,51,9,0.28861664204996296,0.14099358220137762,2708202.2839323496,8725000.0,3028256.669148562,14461458.953080915,0.12893205915043973,5.681711203922621,38.61352912650244,10.60264445804745,37.936478555519486,45,5,0.14129550032241037,0.1307924552246753,3370383.0169951255,9195000.0,898396.4102937834,13463779.427288909,0.13743215280848758,5.691088594530829,39.294492818498526,11.238007106443977,38.451630124416866,56,8,0.17290863142743457,0.13818956516625241,4426246.76808958,8905000.0,3213631.0621317565,16544877.830221338,0.12841050970125917,5.721247364881264,39.74684197289883,10.502922541099649,38.6398307720347,57,4,0.18118782434940545,0.13032058007482375
78,5798126.5322638275,9820000.0,1658.0543183928687,15619784.58658222,0.1409935822014057,5.845758791809122,39.873085170227306,11.806375065991418,38.42355353716131,38,12,0.21012477051319084,0.14099358220137945,3664278.8648134046,8955000.0,3743048.821250732,16362327.686064135,0.1263439360151606,5.647603788036838,39.42293369713153,10.705775547403016,38.50686398092829,35,10,0.17554073504716564,0.12844009979821183,4178676.778930724,8930000.0,971641.0942173745,14080317.873148099,0.13712017875247834,5.727556447651192,39.32068163815338,10.565892636844492,38.27601244342089,35,5,0.18869130431984832,0.13775552740624747,1857722.5610482302,9135000.0,1979417.4435607386,12972140.004608968,0.1331263126433484,5.678397156741214,37.89351775591051,10.81449479378413,37.42908711564863,45,12,0.11184334469768738,0.13443637240550638
79,3630191.8753206506,9435000.0,1618.7549285333412,13066810.630249184,0.14099358220140543,5.76882820442707,39.0622957103035,11.319114833758205,38.1547477414733,37,8,0.17656247783162907,0.14099358220137845,3459678.01090556,8540000.0,3637589.5603676457,15637267.571273204,0.12657611042236153,5.724146276097369,39.13999681184684,10.466255940943787,38.27507730912042,34,11,0.162346757946896,0.1290877595679354,3998970.2765888143,9370000.0,888433.5992976648,14257403.87588648,0.1375243223710249,5.751055852783139,39.40753410927589,11.478810188720328,38.40779154012885,37,13,0.18736615101206086,0.13804190249051904,3485145.879756323,9045000.0,2376750.901685642,14906896.781441964,0.1315206949227124,5.629479113774879,38.41851022767274,10.90923381699188,37.547223757733725,34,11,0.14084524009083338,0.13290510910500122
80,5369706.940132106,9810000.0,1640.3636564923563,15181347.3037886,0.1409935822014056,5.883422219172761,40.606059449885706,12.090332712404027,39.263632714852875,39,16,0.2137935097464149,0.14099358220137873,2082286.0163832102,8395000.0,3060438.3580992185,13537724.374482429,0.1287668342499775,5.767261202273803,38.351665451611694,10.27039097799394,37.83109394751587,39,16,0.13735954039631781,0.1307447344568428,4675716.714956662,9555000.0,1193642.0440515643,15424358.759008225,0.1363037927381848,5.849967875843886,40.37273831267535,11.42685528230327,39.203809133936176,41,11,0.19798952708836198,0.1369341728964089,2321800.8281228845,9045000.0,2455579.185993749,13822380.014116634,0.13136623529877542,5.634834263511956,38.5868831788822,11.213868002193571,38.006432971851424,37,13,0.13266609343524566,0.13285593910320384
81,6192034.9268454565,9710000.0,1653.3051474128656,15903688.23199287,0.14099358220140568,5.752518737799416,40.37478523362145,11.574262872602223,38.826776501910025,34,9,0.23068833761589375,0.14099358220137698,5016661.3903184105,8855000.0,3311279.598873808,17182940.989192218,0.12783039611320304,5.698233649208748,39.22678449953133,10.690694723854046,37.97261915195177,45,5,0.15785221462468224,0.12973620408847092,10508376.879144613,9140000.0,2380117.470302142,22028494.349446755,0.13171753258337202,5.963691660878751,42.256811027597685,10.70300306417368,39.62971680781143,35,15,0.30192764853009724,0.13289777392574598,5342635.301505836,8665000.0,3380090.6941782385,17387725.995684072,0.12759026751629035,5.779509002924152,39.79316908284763,10.3400765264231,38.45751025747104,36,8,0.20647737311476635,0.1295868870510271
82,5190991.344175931,9755000.0,1644.637910374359,14947635.982086306,0.14099358220140562,5.745712806775186,39.85437493131983,11.939195686714813,38.5566270952757,41,15,0.18235356855462498,0.14099358220137848,2375030.748481669,8775000.0,3007167.9751705388,14157198.723652204,0.12900902771619593,5.643857936036875,38.52605130078692,10.697063309909169,37.932293613666566,40,12,0.13244848545906018,0.13121790289910207,3195478.636562234,9510000.0,801843.9822264086,13507322.618788645,0.13782678688352928,5.694812571475497,38.96423322580399,11.371775641845899,38.16536356666346,36,9,0.1749262201332906,0.13843271491142412,2280807.8136109775,9110000.0,2285748.8298058286,13676556.643416809,0.13192915418837825,5.707998037833385,38.26741065608351,10.97278134857623,37.69720870268075,39,10,0.1268254778296723,0.13321954044035555
83,3457544.181706222,10085000.0,1647.131225138861,13544191.312931363,0.14099358220140565,5.74779293491375,39.409239278745936,12.248002587456574,38.54484552852658,48,9,0.19315342410832534,0.14099358220137923,3390756.272561812,8525000.0,3041562.4216354406,14957318.694197252,0.1287817494390849,5.725591057746273,38.38841749104174,10.535652120104409,37.54072842290138,35,10,0.140090095358035,0.1308706732780312,3725294.803086666,9675000.0,1032717.5708455535,14433012.373932222,0.13695781525005643,5.70847842994323,39.81898316358543,11.498471823100429,38.88758816761164,49,9,0.19068497210159524,0.13783595173592378,6252284.785138696,8535000.0,3165885.5085971374,17953170.293735832,0.12844007732768084,5.757989231400472,39.815430385380964,10.366706279720193,38.25235918909615,36,15,0.19190037667536058,0.12989892423918578
84,6359398.591736191,9405000.0,1619.4673041803417,15766018.05904037,0.14099358220140543,5.881912838222474,40.14381655650387,11.660052103979607,38.55396690856995,40,8,0.2214951357876198,0.14099358220137814,2237750.6373712565,8895000.0,2819592.222683285,13952342.860054541,0.1297161923139786,5.701692670516719,38.60759784766898,10.625730656159233,38.04816018832616,32,11,0.12493041149259784,0.13152174991808557,3722154.564001027,9335000.0,989412.136039894,14046566.700040922,0.137081062718332,5.7682381671052525,39.47516328288391,11.433804158384772,38.5446246418837,42,16,0.17838507147210658,0.13783287510230482,3853479.9669891754,8925000.0,3100418.898263662,15878898.865252838,0.12882843992179924,5.67530405477299,39.63383626193408,10.686304321370187,38.67046627018685,40,13,0.18312313839839714,0.13072749699458092
85,3880045.0051727616,9425000.0,1610.3251500438355,13306655.330322808,0.14099358220140537,5.675067619976534,38.69135516677059,11.320319725370382,37.72134391547732,42,5,0.15232425776580044,0.14099358220137823,2693600.93435932,8735000.0,3311258.2276042085,14739859.16196353,0.1276537222264057,5.690604289461069,38.528263466294355,10.621714351583929,37.8548632327045,40,12,0.1475772172186896,0.13001824330541378,2757567.209024892,9440000.0,656437.1879167976,12854004.396941688,0.1383803550211583,5.721904028164235,38.47465736844568,11.35902225755483,37.78526556618942,42,12,0.14565926010882016,0.13897155878639003,4311523.778267271,8725000.0,2710821.364837491,15747345.14310476,0.13015710488489382,5.7862321389855795,39.04186870522884,10.51815000175553,37.963975156324445,48,13,0.1788565395516614,0.1314295077737889
86,4320817.760607008,9275000.0,1626.3536021013465,13597444.11420911,0.14099358220140548,5.748264145284257,39.21062129201973,11.44494971610101,38.130204038900395,54,11,0.1696996872947783,0.14099358220137878,3689404.003826912,8080000.0,3404485.4048433355,15173889.40867025,0.12725336235905166,5.7233045852643984,38.995486473322025,9.728276715209415,38.07313547236539,42,8,0.16248249153706082,0.12928169970066195,3374041.097364925,9140000.0,857327.241398702,13371368.338763626,0.1375837071103386,5.738771315657676,38.54072266787569,11.118177026665304,37.69721239353448,27,14,0.14865477764065485,0.13819786867370248,4262392.758044141,8605000.0,2938366.378208165,15805759.136252306,0.129398055877427,5.73995304672342,39.527220016312874,10.339024495696478,38.46162182680196,41,10,0.17557128661948854,0.13102344816262942
87,6065003.161766231,9805000.0,1617.9238236118404,15871621.085589841,0.14099358220140543,5.806291457639654,39.909152543215875,11.823509799022547,38.3929017527742,40,14,0.2152545845276826,0.14099358220137834,2211283.6291764523,8125000.0,2817352.038706557,13153635.667883009,0.1295797300795384,5.699470724405284,37.91341927911691,9.546566973015896,37.36059837182292,35,6,0.12691364217831108,0.1315592549646003,6357684.025135684,9175000.0,1371214.3801306153,16903898.4052663,0.13557594612345103,5.86470617512332,40.318040718018686,11.15445583354846,38.72861971173485,38,12,0.23032680944174286,0.13622264545105542,3070590.620121625,8795000.0,2206919.595663192,14072510.215784816,0.13208756435437569,5.707289080720485,38.42015982848138,10.462412094839737,37.6525121734508,38,9,0.13809949395438423,0.13339464279588664
88,7139268.917176503,10475000.0,1667.7901189018755,17615936.707295407,0.1409935822014058,5.894971142361915,41.69603635779454,12.750761684230511,39.911156597965345,56,23,0.28294485013843734,0.1409935822013772,1412458.1271288076,8605000.0,2355652.2344484124,12373110.36157722,0.13151597250013508,5.676929267509883,37.40542281689511,10.516237728046335,37.05197319858058,50,11,0.10002464368709706,0.1334229965129274,3442251.291966159,9585000.0,761877.0959284934,13789128.387894653,0.1379638347297598,5.750245659102692,39.014744550384336,11.766659046244417,38.154181727392896,45,14,0.18282076748147347,0.13844432571572016,5375095.627841368,9000000.0,3663136.894841782,18038232.52268315,0.1266900050790664,5.702546190301737,40.33663850464981,10.544536279721177,38.992864597689604,34,9,0.22610887159284346,0.1287395682629232
89,6439260.417632294,9920000.0,1633.8335463948517,16360894.251178687,0.14099358220140554,5.874880096112789,40.44253207900914,12.025018475699566,38.832716974601084,36,9,0.2484836862285315,0.14099358220137784,2094810.422011245,8715000.0,2718581.1541199735,13528391.576131217,0.13003928301224355,5.697562092116997,37.79603039273268,10.628258565525845,37.27232778722967,41,9,0.11966651399426873,0.13199304376021645,4421073.086061985,9300000.0,957219.2865372807,14678292.372599265,0.1371912710301239,5.774968757964022,39.14405663359371,11.008790665962778,38.038788362078286,32,7,0.17120645301902926,0.1377036778229583,4470243.177393934,8970000.0,3249127.5537353493,16689370.731129281,0.1281277839037007,5.801253865351563,39.71176269825656,11.233614902077914,38.594198366985026,48,10,0.20675362796435032,0.13016805285427394
90,5185452.851812399,9765000.0,1659.4790696868695,14952112.330882087,0.14099358220140573,5.736967400963929,39.99997911299125,11.735226119058357,38.70361590003819,38,11,0.2167038853008822,0.14099358220137873,4561158.0923879165,8890000.0,3886220.418213433,17337378.51060135,0.12575462888802602,5.735638719841698,39.729457547302104,10.821114821502135,38.589168024205,39,9,0.18370468127348033,0.12785803719858724,4471578.840602338,9240000.0,1128147.5323391433,14839726.372941481,0.13653187663439814,5.852124707097058,39.93454063999636,11.138725474735738,38.81664592984557,38,10,0.20274639023946167,0.1371600190056996,4440007.466895222,8380000.0,3125921.5905307503,15945929.05742597,0.12853825985522224,5.775233927375643,39.11197409627552,9.841128036800454,38.00197222955174,40,9,0.18546196245366617,0.13064625656295056
91,6215145.131670101,9745000.0,1640.126197943356,15961785.257868044,0.1409935822014056,5.781950948748159,39.76944283442456,11.659174630042209,38.215656551507074,33,14,0.19772765491874839,0.14099358220137706,2486362.516770597,8880000.0,3290189.123956602,14656551.6407272,0.12789209457884626,5.720568202853767,38.54151696633663,10.807894746211234,37.919926337144084,35,14,0.1462206352313392,0.1300546973372149,3860867.6565306312,9600000.0,905093.216368881,14365960.872899514,0.13748180946057623,5.7329555795222085,39.98162507612472,11.519445264808278,39.01640816199181,36,10,0.18076141919159966,0.1380545795481768,5377456.147820402,9130000.0,3376793.2259999723,17884249.373820376,0.12785799095922826,5.7775577854439595,40.17227515744419,10.901539963579271,38.82791112048927,40,13,0.20113722048010618,0.12961013177262917
92,3531574.190116079,9330000.0,1618.6361992588409,12863192.826315338,0.14099358220140543,5.787850688511009,38.77817506509032,11.203026889842207,37.89528151756119,44,11,0.17605603564726072,0.14099358220137806,2779570.126580358,8775000.0,2891741.1541200746,14446311.280700434,0.1294752390581086,5.695933262154544,38.260279599673474,10.966415449792875,37.565387068028365,34,9,0.13161498011340597,0.1313561264610515,4701425.823932662,9285000.0,1140347.559080099,15126773.383012764,0.13645592269822057,5.852353964101774,39.465867088810505,11.46886698413713,38.29051063282748,39,11,0.18243132902179673,0.13713831069146312,3198407.5444021146,8885000.0,2560995.82306776,14644403.367469875,0.1308114221938575,5.7320264836034704,39.07934492272828,10.587749962123814,38.27974303662755,33,11,0.15869411313639067,0.13236637099682275
93,5244331.562650898,9470000.0,1616.9739894158402,14715948.536640313,0.1409935822014054,5.862690499902609,40.2092257836795,11.45075264408292,38.898142893016704,31,9,0.21179621320505318,0.14099358220137873,3867056.594698235,8990000.0,3633149.797826093,16490206.392524328,0.12659160120631158,5.684408415947795,39.01766338986468,10.607053398145439,38.050899241190145,42,12,0.17257381808589548,0.12882190977035168,4722261.615144825,9485000.0,1127052.967144847,15334314.582289672,0.13657768713650267,5.746377923545025,39.354910422899486,11.259867887349811,38.17419263520206,49,6,0.1839332527275791,0.13709708740231216,2430538.2331475583,8850000.0,2299052.3264367133,13579590.559584271,0.131793221312338,5.6801043967460245,38.63101540122493,10.962881480832095,38.0233808429381,39,14,0.13175159115964072,0.13336637922686626
94,6188886.754703762,9415000.0,1619.7047627293418,15605506.45946649,0.14099358220140543,5.814798542786558,40.18974726261282,11.395677681840573,38.64252557393704,43,10,0.19142960636153383,0.14099358220137878,4703356.590436675,8465000.0,4075984.826171763,17244341.416608438,0.12475914019480334,5.7747375464075015,39.69568776441266,10.26394460260223,38.51984861680348,37,11,0.19451228997640566,0.12719241123354724,4205222.348339867,9510000.0,1036042.5842160261,14751264.932555895,0.1369344971434338,5.803454795763171,39.44318830861994,11.222860732162582,38.39188096074413,51,11,0.19215607204246316,0.13760396815486794,3382971.115192286,8905000.0,2782978.607323112,15070949.722515399,0.12996888787333657,5.702374831703888,39.13617910160499,10.660965907822197,38.29043632280708,44,6,0.1692623748925056,0.1316956654785043
95,11538489.758409506,10080000.0,1679.0693999793834,21620168.827809487,0.14099358220140587,5.99570042761683,42.761286228515495,11.975260494089628,39.87666378891313,33,13,0.32724201231753886,0.14099358220137773,2953387.5834207577,8340000.0,3252442.3563883146,14545829.939809073,0.1279549829383647,5.719070113340692,38.69134095108493,10.299453972200329,37.952994055229894,28,14,0.15026965539748927,0.12999537164963476,2723910.992800494,9495000.0,616488.4671978711,12835399.459998365,0.13855008815399994,5.694639232510484,38.946292770568455,11.131970819269643,38.26531502236828,38,13,0.13542641377264614,0.1388928724165408,3869018.0869480036,8725000.0,2796280.6792025436,15390298.766150547,0.12981279646334618,5.729178739058428,38.71002268065923,10.588429016055656,37.742768158922075,43,7,0.17401479145143048,0.13159219222550084
96,6175397.025370677,9405000.0,1618.0425528863407,15582015.067923564,0.14099358220140543,5.829550069958931,40.111857985829594,11.644436819516294,38.56800872948682,33,9,0.19001827457261355,0.14099358220137773,4814149.221739033,8390000.0,3695289.3763908474,16899438.59812988,0.12621937459696417,5.829686418191869,39.357574348485244,10.235189559684377,38.154037043050586,38,9,0.18156712802374853,0.12826027575460083,3388931.180011238,9700000.0,827380.3936072218,13916311.57361846,0.13774360968989396,5.7422660312190965,39.43333173361771,11.982679713190892,38.58605853221277,49,15,0.18385651352732374,0.13845247418832654,2284841.44123659,9005000.0,2068203.314777057,13358044.756013647,0.13274214996517347,5.659137569777428,38.180627913986335,10.975789464145059,37.60941755367712,33,11,0.11438956298774985,0.13417367718622183
97,16755690.161304513,10020000.0,1644.8753689233595,26777335.036673438,0.14099358220140562,6.029652733613564,43.84522593814068,12.089886920115882,39.656204374875514,49,9,0.3172449705895085,0.1409935822013796,4608777.301439728,8280000.0,3981651.923187755,16870429.224627484,0.12520371168585734,5.728344174470203,39.36694499134112,10.045690089029456,38.214750665981235,35,10,0.19076675989461875,0.1275353355821603,1758075.8678653096,9035000.0,306819.9571966488,11099895.825061958,0.13977212833709685,5.663869075424156,38.03106075140615,10.962955626421138,37.59154178443977,30,10,0.11626912861947937,0.1399338478267153,3452786.3759452254,9090000.0,2775204.68925712,15317991.065202344,0.12998030821391818,5.681352002693958,38.618557893635064,11.021324200413456,37.7553612996488,41,8,0.17154989719249544,0.1316668272250428
98,5479765.5003232,9715000.0,1653.1864181383653,15196418.686741337,0.14099358220140568,5.795603695387475,39.82508704709605,11.632822463248283,38.45514567201515,41,13,0.18862841028673905,0.14099358220137817,2386071.4716462623,8835000.0,2893952.7243411974,14115024.195987461,0.12940744945967136,5.667323001920021,38.375352667558666,10.377357167822245,37.778570554827056,52,13,0.12993083280459986,0.1313162189896185,4416415.004606962,9275000.0,1009374.2079194679,14700789.212526431,0.13695935955007615,5.822240121932643,39.443654121373314,11.366894663044137,38.33955037022155,33,12,0.16350578946236602,0.13755014764921197,3949157.2143982686,8875000.0,3251360.3764968566,16075517.590895126,0.12822845654093765,5.742075340524641,39.797546041870056,10.663424818500022,38.81025673827031,23,9,0.19709751362959996,0.13012080372074517
99,3918576.710590578,9455000.0,1635.9706733358532,13375212.681263914,0.14099358220140557,5.748941806407794,39.81809656923553,11.40499834968815,38.83828527990367,47,15,0.1837033618660381,0.14099358220137723,3788784.610283994,8755000.0,3685322.1724113543,16229106.78269535,0.12645618720055407,5.76861961974459,39.20320688688024,10.690190161943498,38.256010734309044,37,10,0.17588287256912974,0.1284739405262932,6891727.204861893,9200000.0,1705308.7078663493,17797035.912728243,0.13434064087027944,5.784886333986748,40.70207702275702,11.142309191682916,38.97914522154187,44,16,0.24829650775802817,0.13524580094482996,3859184.2675289954,8695000.0,2620911.9584836466,15175096.226012643,0.13046606315156709,5.715930005019875,38.86547447846844,10.472610944954289,37.900678411586135,38,13,0.16592070894229516,0.13191093336384394
100,7453572.142610862,9585000.0,1653.8987937853658,17040226.04140465,0.14099358220140568,5.75564587901194,40.207019308502666,11.256982462958485,38.34362627284974,39,9,0.20764997791997497,0.1409935822013779,3194319.277752039,8580000.0,3060431.1156133483,14834750.393365387,0.12871143151449568,5.736450104786344,38.52209865122642,10.624358298656729,37.723518831788475,36,9,0.1474397202899646,0.1304314860731429,4176363.308518375,9330000.0,807376.8852109018,14313740.193729278,0.13776989165902784,5.787234997742966,39.03670609558641,11.759979041282989,37.99261526845686,39,10,0.1575401914048616,0.13824599079061817,3666268.9241412836,8680000.0,2703055.1641738163,15049324.088315098,0.13021530189288583,5.853297363274065,39.115623719822096,10.433018883199862,38.19905648878686,31,11,0.16971085231448957,0.1319219630886361
101,5930681.682630318,9340000.0,1616.9739894158402,15272298.656619735,0.1409935822014054,5.857234529760568,40.1291889582868,11.349420522286684,38.646518537629156,37,6,0.20881975216493925,0.14099358220137798,3324410.4453425333,8820000.0,3764125.523572358,15908535.96891489,0.12616144657838355,5.680893700317886,39.13879974282626,10.433990383926659,38.3076971314906,34,15,0.16977642611556723,0.12868316373302,5750233.383658123,9115000.0,1238016.873445384,16103250.257103506,0.13607145153949327,5.840695624033321,40.041272367607405,11.043221730112633,38.60371402169269,45,4,0.2257776211038679,0.13667498137809908,3106586.534856959,8700000.0,2474416.6541726645,14281003.189029623,0.1311048863226552,5.763304773201872,38.595745578434055,10.333512351347032,37.81909894471987,39,7,0.15118138699234976,0.13260379374684408
102,5210773.329166073,9985000.0,1634.1897342183518,15197407.51890029,0.14099358220140554,5.781343661182861,40.20315023888998,12.009694464609584,38.900456906598514,39,11,0.21113856443096066,0.14099358220137762,2533179.2728628283,8685000.0,2828474.8347270964,14046654.107589927,0.1297057301021895,5.865149131064626,38.44601163777085,10.162184448613193,37.81271681955521,37,15,0.12843440203807496,0.1315330183979459,4708469.192706569,9390000.0,974974.5373663265,15073443.730072899,0.137112898189716,5.730632346807979,39.4714689908859,11.281693922319048,38.29426896879725,68,14,0.1840232814444928,0.13762887830478832,2590080.34695973,8975000.0,2223589.423452195,13788669.770411925,0.1321433186287639,5.701804750258477,38.60679626207768,10.545583032097893,37.95927617533767,30,9,0.12624192282317767,0.13354802737913407
103,4160890.392364373,10150000.0,1651.168020471864,14312541.560384847,0.14099358220140568,5.868526161802418,39.62023534607188,12.297671004365856,38.58001274798088,39,10,0.19955858391625972,0.1409935822013778,3323371.779424314,8680000.0,3386760.667437369,15390132.446861682,0.12760607666186613,5.7240884802976995,38.93252938928003,10.56684788257492,38.101686444423876,43,13,0.15354119704265087,0.12980334811180175,4391032.536411899,9170000.0,1130368.7196319008,14691401.256043801,0.13653028442781906,5.69190901488592,39.582011269096434,10.843279546175483,38.48425313499334,32,14,0.19650412528751487,0.13732482318058434,4521502.676687614,8540000.0,2782958.0671587875,15844460.743846402,0.1298272307046845,5.787034869774251,39.03816801882313,10.359507466295359,37.90779234965114,41,6,0.1771756672074282,0.13137540679906437
104,6291113.553385799,9740000.0,1644.5191810998595,16032758.072566899,0.14099358220140562,5.8411009675466055,40.122959124741676,11.728265879457846,38.55018073639514,38,11,0.19542969475548136,0.14099358220137828,2335383.8799835118,8920000.0,2771870.7711910345,14027254.651174545,0.12993093583801882,5.750778062376693,38.618381947787725,10.982298570710334,38.03452113083242,46,15,0.1192484017685249,0.1319278936940054,3000340.7103550746,9225000.0,738574.9320605801,12963915.642415656,0.1380662133083303,5.773068068701138,38.83703904967316,10.956320145277484,38.08695387208447,38,14,0.16039089741100565,0.13850920087112603,5097267.228215547,9060000.0,2435569.1474873433,16592836.375702891,0.13124652642240353,5.749510462797163,39.02615588307004,11.37302946579625,37.75170524530102,54,12,0.14343786385424323,0.1326539127015027
105,6107310.508680238,9670000.0,1628.0158119443477,15778938.524492184,0.14099358220140548,5.784547566496448,40.067153805143626,11.429357067304208,38.53947746255726,65,15,0.2058575090887001,0.14099358220137798,3609213.8322653407,8645000.0,3697521.961693744,15951735.793959085,0.12632770136666402,5.80961673396281,39.23645972349102,10.663279979410623,38.3341562654246,44,13,0.17043769628272104,0.12873987244649096,3632539.785524909,9090000.0,933920.6845476534,13656460.470072562,0.13730627063990375,5.731616384516037,39.123128711015084,10.537587241072208,38.214993764633675,44,16,0.17600861492689399,0.13783825953035805,4528742.006473411,8635000.0,2983866.7611368033,16147608.767610215,0.12917694654769327,5.776747213549388,39.54679929484288,9.848493529242452,38.41461379322451,38,13,0.18560319910559497,0.13071583924477673
106,6674209.412712585,9750000.0,1627.8970826698476,16425837.309795255,0.14099358220140548,5.975247823933191,40.88802540180524,11.950951821119935,39.219473048627336,36,9,0.22115686654275066,0.14099358220137873,4708225.725097074,8340000.0,3785195.695783401,16833421.420880474,0.1259155726375066,5.718574497313342,39.25504784380265,9.90186292310883,38.07799141252827,38,13,0.17803549574612895,0.1283653109468666,5088953.013282394,9695000.0,1244711.5423935058,16028664.5556759,0.1361498194208526,5.84625819770592,40.405373060787355,11.434305793288372,39.13313480746686,34,24,0.22927166936999835,0.13687281604269003,3460691.6851302483,8810000.0,2554337.010360592,14825028.69549084,0.13084688059195057,5.733886917953388,38.52249263196229,10.647025687543934,37.65731971067963,35,12,0.14878849453742374,0.1322858790584065
107,5871740.800878416,9645000.0,1639.1763637473555,15518379.977242166,0.14099358220140557,5.881466413185566,40.621411909797786,11.66285289314916,39.15347670957821,39,14,0.253377873433844,0.14099358220137856,3370999.006421913,8485000.0,3331257.699205471,15187256.705627384,0.12775288871178966,5.69647011484538,38.9126405913934,10.126692070153766,38.06989083978787,30,11,0.1581588274249175,0.12960603137673013,2233314.7079714136,9545000.0,521036.065871458,12299350.773842871,0.13892697544027685,5.668632954276284,38.21467957195306,11.582324438716125,37.656350894960035,42,16,0.11815355613063423,0.13936327086477165,2432799.6921698605,9215000.0,2149225.3599158474,13797025.052085709,0.13242814551914825,5.709910124656416,38.47764992481179,10.824136336133797,37.86945000176938,39,4,0.12782363825368157,0.13369038267015165
108,8324654.760125332,9485000.0,1612.3435477103367,17811267.10367304,0.14099358220140537,5.901763172914645,40.396879315551566,11.454420140486793,38.31571562552008,26,12,0.21454966435450581,0.14099358220137875,2167534.1664687954,8530000.0,2658651.364837322,13356185.531306118,0.13030643019677426,5.6458497371890966,37.984341279363754,10.273476649319342,37.44245773774639,31,12,0.11918474607610846,0.13207189818915463,3715397.145500513,9315000.0,966124.3384142483,13996521.48391476,0.13721709980360267,5.767856947200262,39.65896071570701,11.008181617454765,38.73011142933187,43,10,0.18077246590081164,0.13785140632994705,3467783.686476444,8925000.0,2614278.1976534612,15007061.884129902,0.1306527542646228,5.680893399431316,38.702749811465104,10.81262087891115,37.83580388984603,43,14,0.15108647073278622,0.13223915518402435
109,6084211.791953515,10100000.0,1635.9706733358532,16185847.762626853,0.14099358220140557,5.7584883044020785,40.289859174787914,12.12430693941431,38.7687977989145,46,13,0.2227388521248158,0.14099358220137878,2858758.223852308,8700000.0,2824025.5738435946,14382783.797695903,0.12965477287116894,5.6859026669900015,38.2402224325939,9.956505868092679,37.525532876630734,29,12,0.13214766170935333,0.13147316152611344,4914337.5120684095,9005000.0,1165870.1978650375,15085207.709933449,0.13634357834379274,5.729741764953387,39.459674138081986,10.92441178023536,38.23108976006493,43,11,0.2022048910251053,0.13694586407796644,3804318.2942592897,8830000.0,2676434.1608577985,15310752.455117088,0.13043536462663363,5.667969392341829,39.06273527337597,10.569764339172979,38.11165569981117,32,10,0.1652001004808169,0.13195464836991605
110,3751098.0512058414,9675000.0,1622.791723866344,13427720.842929708,0.14099358220140545,5.722122390388785,39.153892356072696,11.983711275181912,38.21602827658463,49,19,0.15840348833132395,0.1409935822013792,2996345.6327599254,8560000.0,3067081.1423542686,14623426.775114195,0.1286129580202615,5.705388436720528,38.67371121759707,10.360438752252975,37.92462480940714,31,15,0.144508767006447,0.1305315262544295,4033088.2975562685,9310000.0,959451.9905696562,14302540.288125925,0.13721194436051345,5.792650018511446,39.50505006839824,11.470111207978666,38.49677799400904,44,15,0.1754895540291617,0.13780541537678231,3764355.1290332065,9020000.0,2720822.169201238,15505177.298234444,0.13021368033697955,5.735923302488603,39.15028855221847,10.799159715857119,38.20919976996016,37,7,0.1734896212005301,0.13174453809389425
111,5069113.132188896,9830000.0,1644.7566396488594,14900757.888828544,0.14099358220140562,5.864251585862881,40.26269444814135,11.93316160891374,38.99541616509395,38,12,0.22286377286072104,0.1409935822013784,4227090.620653041,8700000.0,3466655.2593726474,16393745.880025689,0.12714617989230378,5.771058936332171,39.115902578710546,10.306416060729585,38.05912992354732,38,6,0.16062515690332804,0.1295392921262186,4363887.097928917,9635000.0,1139245.8701292817,15138132.968058199,0.1364892427597023,5.782570517060977,39.62286759125508,11.734644348310523,38.5318958167729,42,6,0.20123692217210304,0.13717598154114966,3971173.5900671678,9510000.0,2467769.714392674,15948943.304459844,0.1312003410568245,5.768267219818996,38.915832278287915,11.3188723612736,37.92303657183622,47,17,0.15075095699960628,0.13280785101106427
112,3599020.2205562294,9555000.0,1628.7281875913482,13155648.94874382,0.1409935822014055,5.761537985465377,39.22581398183529,11.608472495605225,38.3260589266962,41,9,0.16789115362488713,0.14099358220137836,2969003.086546699,8835000.0,2977185.7460554997,14781188.8326022,0.12901363330508234,5.678844437763468,38.35549223606039,10.945214036155807,37.61324146442379,33,14,0.14218983067620036,0.1309647472183222,5990973.455014633,9595000.0,1210281.8333339365,16796255.28834857,0.13621604097701262,5.850808697754778,40.67187138027929,11.681174332996335,39.17405354945475,48,17,0.24018159444774823,0.13682165010092315,3456398.977444056,8490000.0,2719703.2645061696,14666102.241950225,0.13013845679569333,5.6702172365295915,38.871053807102776,10.48885327910544,38.006954062741734,39,8,0.15994311378626047,0.131993678694684
113,7351909.295518847,9610000.0,1627.8970826698476,16963537.192601517,0.14099358220140548,5.823760036986044,40.240917098316196,11.303431755000005,38.402939774436476,34,12,0.19642207195692823,0.14099358220137798,1805987.9317894152,9035000.0,2701944.3330691406,13542932.264858555,0.13018380767010831,5.7036008023393086,38.10020629111884,11.035582582645118,37.648709308171554,35,12,0.11148910093636652,0.13237283490501242,6847228.517183105,9630000.0,1693105.8316228266,18170334.348805934,0.1344125650225663,5.8069516284576705,40.87101200015086,11.511483994801974,39.159028341486426,47,9,0.2595143587534659,0.1353671644625933,2577564.7497601616,9060000.0,2260206.838149151,13897771.587909313,0.13195347333562443,5.693647484420761,38.38972783317761,11.414540461791372,37.74533664573759,31,13,0.13678798601915582,0.13336161797883964
114,7502018.652523288,9555000.0,1628.371999767848,17058647.024523053,0.1409935822014055,5.873631664722901,40.8474341618576,11.297494636389192,38.97191015570674,46,14,0.2403109513099581,0.14099358220137784,3440969.123602847,8395000.0,3441119.67909634,15277088.802699186,0.12717668927317102,5.7255022429261855,38.80543229332597,10.133875005343596,37.94513327544181,55,5,0.16266799823835323,0.12928445993617887,2887220.5923572895,9140000.0,607595.1695192077,12634815.761876497,0.13856411910288005,5.763757444509448,38.392465715844104,11.190974184032427,37.670660567754695,43,9,0.1297963864592,0.13887044879205906,2550478.478868365,8750000.0,2301286.8114081267,13601765.29027649,0.13187218361480021,5.717243950862713,38.22688783244492,10.64015066876677,37.58896803640863,59,9,0.13118491092394435,0.13362423700776035
115,4149894.92642288,9780000.0,1624.216475160345,13931519.142898042,0.14099358220140545,5.8061254607502715,39.44702937431872,11.729858785111904,38.4095556427131,39,11,0.18269903142566296,0.1409935822013789,3989355.6997144306,8470000.0,3639807.541969976,16099163.241684405,0.12655141708013634,5.716531850528552,38.984837209096526,10.302396428250951,37.987498284167856,44,6,0.1730611228894618,0.12879095653295156,5873890.769279051,9470000.0,1517754.2079194405,16861644.977198493,0.1351303020680145,5.807274077653243,40.758247449776086,11.347980803676748,39.289774757456485,42,13,0.2583767525786251,0.13608337815087806,4084920.524016029,8675000.0,2636458.3698642496,15396378.893880278,0.13045610659694404,5.752471666460555,39.125364764329795,10.649494167770413,38.104134633325806,43,8,0.16202768098991407,0.1319881402715637
116,7303814.040395861,9765000.0,1633.7148171203517,17070447.75521298,0.14099358220140554,5.832521504893903,40.61596086844694,11.522146259664114,38.79000735834817,45,10,0.22776952214497917,0.1409935822013785,3381250.845233034,8435000.0,3236910.6674375534,15053161.512670588,0.12807100094690296,5.737976295940526,38.754584530821,10.045422986127065,37.90927181951255,45,10,0.14800121920061646,0.13010392267113205,3737934.2056678184,9120000.0,892847.716315791,13750781.921983609,0.1374510597309032,5.749203460768652,38.6800463156317,10.719739419251834,37.74556276421473,36,14,0.16147729805036806,0.13804152356446323,4179832.4961284,8820000.0,2615380.5989801176,15615213.095108517,0.13059429381209214,5.732214612122956,39.01409023517992,10.690107059059486,37.96913211114778,45,12,0.15335552349861326,0.13229994895680733
117,6950563.127005662,9370000.0,1631.45896090485,16322194.585966568,0.1409935822014055,5.820746701444353,40.81316401384324,11.470153077810407,39.07548595792461,48,17,0.25881158828253875,0.14099358220137787,2544160.677610421,8585000.0,3442259.4801447093,14571420.15775513,0.12742631456028367,5.671915640533045,39.00140662645891,10.400087068406439,38.36536645705617,32,10,0.15096423380424584,0.12949755283515613,5112512.740625631,9420000.0,1111503.4688028402,15644016.209428469,0.1366080944017818,5.853872309376439,40.269221596682485,11.497828247554004,38.99081933020489,55,12,0.21278918048822515,0.13723473750222867,2563731.8329072255,8955000.0,2431141.851519778,13949873.684427006,0.13135287967589657,5.7676880961090795,38.94629598499235,11.046435199710006,38.30536302676547,30,9,0.13992783423557228,0.1328347260707984
118,4376071.647605749,9955000.0,1633.8335463948517,14332705.481152143,0.14099358220140554,5.778392475718755,39.74461188233862,11.736779708534497,38.650593970437406,38,8,0.17570484019881746,0.1409935822013772,2806487.192937705,8860000.0,3327919.6256148852,14994406.81855259,0.12769667598503817,5.7376001225120605,39.13658618701743,10.402998785734495,38.434964388782944,35,13,0.15082515775133287,0.12969821422540467,5246132.6740493085,9485000.0,1244696.1075878679,15975828.781637177,0.1361000749632102,5.730233671625045,39.62844583688371,11.454352834994145,38.316463506322386,52,10,0.18043878076528336,0.13670314950727452,1806808.5290840277,8960000.0,2084847.8532304317,12851656.382314458,0.13265905717172854,5.7378774269478106,38.17264772240334,10.506736027602217,37.72094559013219,36,13,0.12127633315220077,0.1340444184000739
119,6892837.0790629,10005000.0,1660.6663624318705,16899497.74542533,0.14099358220140573,5.7738077615247745,40.581300166700544,12.094527038180685,38.85787246518269,53,8,0.21833495697648606,0.1409935822013774,2377905.9394034715,8815000.0,2994959.162463002,14187865.101866474,0.12905682888548556,5.7603785935598815,38.42092165425192,10.280640393913947,37.826445169401154,43,8,0.1336112385490302,0.1310639206060401,6108419.63411872,9495000.0,1457805.3032238383,17061224.937342558,0.13530592624752627,5.775413908632736,40.87115626508105,11.534594335486952,39.34405135655135,29,5,0.22434508462872024,0.13610671934601687,4797625.982909202,8710000.0,3200294.5587620586,16707920.541671261,0.12833331660920871,5.77640830033609,39.846135679018886,10.579243807193452,38.646729183291725,43,11,0.1978021203796974,0.13001877907558942
120,2196238.1681385343,9530000.0,1606.7632718088325,11727844.931410342,0.14099358220140534,5.6979728377598,38.57465193643263,11.358885104007474,38.025592394398124,39,8,0.13132343528055093,0.1409935822013775,3001689.704122905,8340000.0,3172532.8045639163,14514222.508686822,0.12829057587593798,5.621655520413135,38.39933765203423,10.208620481683786,37.648915226003346,34,12,0.1467096997017345,0.13027036600652833,3414627.4499066547,9230000.0,645325.3149893438,13289952.764895998,0.1384041933726323,5.829634191517385,39.04262803121875,11.19125941803545,38.18897116874209,28,11,0.17524145491960041,0.1388038671384869,1408300.044693723,8515000.0,1853965.0037278417,11777265.048421565,0.13346282156095174,5.776824155581437,37.57500296826922,10.149022758301403,37.22292795709576,43,11,0.10806440663323245,0.1350894310683906
121,7818632.043140933,9610000.0,1629.0843754148482,17430261.127516348,0.1409935822014055,5.813380532024012,40.28274222740291,11.478223017110349,38.3279185441987,51,15,0.2348819605197364,0.1409935822013773,3081969.6210157513,8460000.0,2961640.8781547304,14503610.49917048,0.12902717103311193,5.696243120416607,38.159187510744395,10.263483308483936,37.388695105490335,44,5,0.1376362672698434,0.13111501078306673,3738974.085352235,9445000.0,942804.3651551626,14126778.450507397,0.1372825590403251,5.741488234857063,38.96948181821064,11.585163471914086,38.03473829687251,33,12,0.16720437358921322,0.1378480930370491,4808230.761738133,8875000.0,3739715.971748693,17422946.733486827,0.12637605373048677,5.76853908855437,40.35604900948077,10.472025118475086,39.15397407607301,49,7,0.22193345229255934,0.12850412856858795
122,8273359.831109917,9775000.0,1647.8436007858616,18050007.674710702,0.14099358220140565,5.8044102691362705,40.977497149368176,11.612644037830062,38.9091571915906,41,19,0.2254193035905878,0.14099358220137742,3510740.7005070783,8640000.0,3334596.1289838743,15485336.82949095,0.12781141147257097,5.745259620974457,38.831626995661864,10.48264260676435,37.95390716232763,53,7,0.1549607542237062,0.12992913026036884,6883455.373152986,9240000.0,1467773.3383080796,17591228.711461067,0.13519271707160296,5.849979423589061,40.63315291801253,11.082321063712156,38.912289074724306,45,17,0.2308627102701074,0.1360388023043799,2980509.698131556,8820000.0,2432238.316382467,14232748.01451402,0.13125553354389177,5.6876413149184275,38.250001734569885,10.78321291385984,37.50487431003699,36,14,0.1417411702392227,0.13291998114518583
123,4732222.415738457,9220000.0,1604.6261448678313,13953827.041883323,0.14099358220140532,5.7288077891047156,38.90580554329738,11.412414436327152,37.722742493486855,47,25,0.1493522497347476,0.14099358220137753,3629792.4774985434,8735000.0,3418935.113902593,15783727.591401136,0.12737717061374423,5.714204703861389,38.81302838136551,10.699667647274902,37.90558026199097,31,11,0.16082143401469626,0.12951567581297121,5080314.44517571,9720000.0,1118165.1310126858,15918479.576188397,0.13658918788346913,5.839077711726522,40.49222782858289,11.499022974710256,39.222149217288894,42,11,0.2247530593951776,0.13712379833623486,5149418.452130877,8740000.0,3053791.1808608994,16943209.632991776,0.1289158277042597,5.736936395383408,39.73064146824908,10.651461313558517,38.44328685521632,31,11,0.18974225101748857,0.13042947733634283
124,5925738.98763591,9485000.0,1619.3485749058414,15412358.336210819,0.14099358220140543,5.797164589166895,39.91157657244622,11.703016335250581,38.430098506017885,46,17,0.17205458262738602,0.14099358220137848,2137043.4193831873,8325000.0,2841773.107269982,13303816.526653169,0.12950745494915794,5.695783293713657,37.814477829282076,10.293441974131312,37.28021697443636,42,12,0.13070761221064991,0.13136725935109378,3000443.731579171,9075000.0,757446.0006240923,12832889.732203264,0.13799566869236454,5.760667293522715,39.30060585716049,11.218797820722608,38.55027341999495,50,9,0.15634056219244313,0.13843843374084627,3726691.3634312986,8490000.0,2775188.779534347,14991880.142965645,0.1298609041138409,5.7193232911735885,39.00564100308931,10.35699404180269,38.07396816223132,41,12,0.1745831661221265,0.13138274211623213
125,3322338.2906486173,9315000.0,1614.5994039258383,12638952.890052542,0.1409935822014054,5.737390010042487,39.063018928552715,11.247062873982712,38.23243435589047,40,7,0.15018083977805896,0.14099358220137811,2648150.4519736455,8665000.0,3199170.192520151,14512320.644493796,0.12818576372624085,5.6726539995011125,38.681166886201474,10.576580774632056,38.01912927320786,37,7,0.14743767586622425,0.13037333545979252,3369672.488796459,9155000.0,842917.3066460767,13367589.795442536,0.13768004243251122,5.708753894270985,39.23145657285913,11.02561635187978,38.38903845065977,29,11,0.16372247018932307,0.13823261037611825,5263326.661967831,8915000.0,3481099.8630734715,17659426.5250413,0.127257116552297,5.7215609422631735,39.80952843404265,10.953516969734014,38.49369676855088,38,10,0.2058140338489784,0.12933310492453673
126,3467837.9633171377,9865000.0,1634.9021098653523,13334472.865427002,0.14099358220140554,5.725156839597779,39.074510994836245,12.001395561421981,38.20755150400684,31,9,0.17712573578829313,0.14099358220137861,2481924.3198026037,8875000.0,2780757.420030459,14137681.739833063,0.12994770500784547,5.669709249503339,38.470781393395676,10.562513365762763,37.85028354914539,47,7,0.11829505119798205,0.13202798021565568,3817894.4991675233,9705000.0,912837.5708456157,14435732.07001314,0.1373983524527902,5.73776794316993,39.65797348167095,11.84179775965129,38.70347022638889,51,8,0.1973336021821261,0.13806081555136016,2791142.9038387462,9245000.0,2141452.272954623,14177595.17679337,0.13243893373890886,5.687836939948098,38.37984729193959,11.02060486043465,37.68206156597987,44,7,0.12701187741405182,0.13384352673904862
127,3447366.369799675,9285000.0,1604.9823326913315,12733971.352132367,0.14099358220140532,5.726519266250489,38.573800055279655,11.33178757269249,37.71195846282986,39,10,0.15603869866325795,0.14099358220137861,3739871.825467371,8910000.0,3794087.6874400713,16443959.512907442,0.1260006713272484,5.73109702238688,39.5340667927813,11.069112964242198,38.59909883641434,34,9,0.18130053768629853,0.12811638558197416,5179320.8004988525,9530000.0,1196969.788195345,15906290.588694196,0.13628761328245276,5.7625851759722035,40.07752645441318,11.20327259147771,38.78269625428849,42,12,0.2095984711818004,0.13696574603005696,2464290.4481233573,8650000.0,2286843.3950001737,13401133.843123531,0.13183668224712647,5.712042611226052,38.671698953359034,10.755074034556886,38.05562634132815,31,9,0.1312096888385222,0.1333657053203643
128,3309842.4298472013,9720000.0,1639.4138222963554,13031481.843669498,0.1409935822014056,5.602337509184475,39.04574830705187,11.634139881108721,38.21828769958999,35,15,0.1680425942909825,0.14099358220137895,3919921.841282365,8765000.0,3865117.7141810637,16550039.555463428,0.12569748173680256,5.700517704859405,39.566003636647395,10.600350325909858,38.58602317632672,35,14,0.18286869020595578,0.12781160217441143,4280680.313908905,9240000.0,1056004.4186370377,14576684.732545942,0.1368130037463489,5.828476101083896,39.286950109110926,11.003275059520833,38.216780030633885,44,16,0.20463208227707616,0.1376253859858323,5071274.651868026,8875000.0,3451131.4065540675,17397406.058422096,0.12738139556159195,5.866954640963407,40.10112709648695,10.595659226199308,38.83330189934986,47,10,0.21776494126062115,0.12914703428678193
129,4266435.956509281,9895000.0,1652.2365839423646,14163088.193093223,0.14099358220140568,5.813890504980094,39.831863036182774,11.983816376830637,38.765254047055315,33,10,0.20878498541463503,0.14099358220137884,4152985.5638315445,8815000.0,3297940.839648465,16265926.403480008,0.12771730329981026,5.768092051265587,38.728572539841956,10.461856840237589,37.690211698745394,48,10,0.15125115523067303,0.1299576311110533,5863253.4040369205,9320000.0,1303512.9286383681,16486766.33267529,0.13584714360797845,5.805868471185543,39.82248853488213,11.4646241927558,38.35667518387276,45,12,0.1855784027431896,0.1365003862794812,2453242.974307611,8820000.0,1881716.6659377054,13154959.640245317,0.13335861960973538,5.751703773588641,37.901052584725356,10.778159518328847,37.2877418411487,37,13,0.11326937270776921,0.13453009267598617
130,4304749.604595671,9915000.0,1623.5040995133445,14221373.108695185,0.14099358220140545,5.715931105059816,39.18366496702943,12.17245366568769,38.10747756588064,37,12,0.1762252574527423,0.1409935822013784,2422711.7571196905,8830000.0,3120385.8380433004,14373097.595162991,0.12863420053087252,5.709429042856328,38.77693709212267,11.00370015040708,38.171259152842985,38,10,0.13633212061922598,0.13080792118800935,2618626.815763593,9240000.0,780777.1344349287,12639403.950198522,0.1379488020945211,5.642955640028507,38.521972029079116,11.346367725824194,37.8673153251382,38,7,0.132278010840868,0.138552254110259,3397957.595903417,8850000.0,2538793.2110237763,14786750.806927193,0.13086544084923604,5.716665611699778,39.06497157349925,10.579913612795348,38.21548217452344,38,13,0.15229819857319546,0.1324813309811631
131,4266541.770529101,9630000.0,1624.4539337093454,13898166.224462809,0.14099358220140548,5.93688789606155,39.63548789572273,11.683566093325625,38.56883092384555,47,8,0.18102555498689857,0.14099358220137845,3553771.9500773246,8925000.0,3658679.2041798215,16137451.154257149,0.12650949271182746,5.726996339814729,39.1344457394544,10.766719207327034,38.24600275193505,45,11,0.16846863710965396,0.12876922507756652,4005902.3634608327,9055000.0,977210.09090131,14038112.454362143,0.1371438044184938,5.781801771978161,39.29061762435137,10.840214275226645,38.28914203348624,26,12,0.18352175623895345,0.1377904072826918,2844249.6520304,9015000.0,2801870.4535097033,14661120.105540104,0.1300576940288822,5.68123299053294,38.978704847162206,10.818872705500352,38.26764243415444,32,7,0.15405806988070334,0.13168510886831644
132,7774982.516048325,10060000.0,1650.6931033738636,17836633.209151696,0.14099358220140568,5.873263478529802,41.147199566239905,12.04454179201561,39.2034539372278,34,12,0.2461162841350813,0.14099358220137748,3220212.9089788226,8395000.0,3233562.5018583015,14848775.410837125,0.12793375478340444,5.789608262262831,38.514865901341686,10.073963775325089,37.709812674096995,25,6,0.1491503305818028,0.13016436762889083,3473484.618270772,9690000.0,818505.0240489207,13981989.642319692,0.13778556271337028,5.771547132972828,39.85283067142901,11.642707973651596,38.984459516861286,30,12,0.17695177271026227,0.13826379075909473,3500528.918612265,8625000.0,2768539.8213565974,14894068.73996886,0.12996299128591962,5.733209451348762,39.3917560109865,10.431377097230055,38.51662378133353,37,10,0.16569068355642888,0.1315328732695928
133,5941968.799406876,9845000.0,1649.5058106288627,15788618.305217505,0.14099358220140565,5.809508416014726,40.46920851250463,11.927689495290368,38.983716312652845,37,7,0.22327161448305707,0.1409935822013772,1204566.412154928,8565000.0,1799574.8849985662,11569141.297153493,0.1336307334766826,5.672331324346722,36.84993813347052,10.334597583491416,36.548796530431794,41,15,0.07622120047371095,0.13490482182175115,7242366.989226365,9080000.0,1642030.0406293317,17964397.0298557,0.1345264838032031,5.855120471806771,40.905416058983505,11.16812444261348,39.09478893556576,55,13,0.24821419598850025,0.1352970052257039,4690155.264898175,8575000.0,3315730.6406964017,16580885.905594576,0.12795664920452043,5.7841932755931404,40.06618362420475,10.288613047650438,38.8936448079803,44,10,0.19376821807859004,0.12986879048415992
134,4079457.4494806323,9765000.0,1637.7516124533547,13846095.201093087,0.14099358220140557,5.793290123865641,40.084373540658476,11.503887162144057,39.06450917828841,31,13,0.1884622117563216,0.1409935822013788,3755130.65619222,8375000.0,3645348.162357297,15775478.818549516,0.1264503546766831,5.70079899565142,38.95669978963905,10.290740102057306,38.01791712559099,39,7,0.17544551259982166,0.12840195494940948,4747457.32789384,9150000.0,1155888.983831351,15053346.311725194,0.136403818919214,5.753096140006675,39.357129680950045,10.805851241665229,38.1702653489764,43,12,0.1738912458960798,0.13699840654821874,3538378.4114569016,8710000.0,2516593.092294343,14764971.503751244,0.1309436638543114,5.714695931878501,39.18817938719459,10.522061514663568,38.30358478433022,44,13,0.15227964994746412,0.13233500374387472
135,7139611.247701716,9705000.0,1656.0359207263673,16846267.283622444,0.1409935822014057,5.85938253056357,41.25805765646487,11.89816372174185,39.47311253168945,55,11,0.2664603992917409,0.14099358220137806,3029276.636397959,8335000.0,3161437.197547187,14525713.833945148,0.12836031825706296,5.658882686032378,38.55928869380073,9.868043963670853,37.801969534701364,37,4,0.14712273976311088,0.13029207153104175,2505058.5574259227,9610000.0,579879.1260917108,12694937.683517635,0.13871971354384915,5.731654378387939,38.58639008575483,11.798240385614372,37.96012544639823,42,6,0.1344458520769508,0.13924094157071587,2812421.217537818,8745000.0,2385627.9334534407,13943049.15099126,0.131465592512568,5.71164810197576,38.36569390210198,10.722025463070581,37.662588597717594,39,7,0.15024474207008554,0.13298031703289798
136,12000149.422173832,10030000.0,1676.8135437638819,22031826.235717595,0.14099358220140584,5.95044652916445,43.00790885005838,11.844433774826713,40.00787149451494,44,19,0.32973562153302066,0.14099358220137756,3952847.45125513,8550000.0,3556559.679097189,16059407.130352318,0.12682253177432787,5.684574324673661,38.680637705024445,10.419422401024502,37.69242584221071,39,6,0.16688726463854642,0.1289831867989703,8729781.739801878,9410000.0,1855147.309856027,19994929.049657904,0.13377534344632713,5.883003928332181,41.56991906499774,11.315502178280484,39.38747363004739,37,6,0.26108590994176994,0.13460138967047836,3167422.1635179617,8785000.0,2600943.119035165,14553365.282553125,0.13060121893878276,5.7356920697260305,38.56248324052315,10.183205440108683,37.77053594535644,53,6,0.152998619740815,0.13229240909129408
137,4802421.642193128,9755000.0,1644.162993276359,14559065.805186404,0.14099358220140562,5.779218064965851,39.47211677746544,11.740628937655147,38.27151136691727,29,15,0.18054798609854697,0.14099358220137867,4292844.136024544,8205000.0,3885098.5452860864,16382942.681310631,0.12564648875771103,5.73215574278499,39.534265234199076,9.966054435331289,38.46105420019294,41,8,0.19146980614559073,0.12771908356540101,4411935.059291318,9445000.0,964989.4052665979,14821924.464557916,0.137161766778988,5.744523819645161,38.907467305467954,11.564103613838656,37.804483540645386,36,16,0.15254834928995184,0.13757825649555255,2665345.78673323,8630000.0,2363432.6826245883,13658778.469357817,0.13156545912565887,5.7426630006855115,38.58398230110825,10.250832646878225,37.917645854425025,45,10,0.13923337581257852,0.13300465567032937
138,6455428.619225735,10090000.0,1652.8302303148648,16547081.449456051,0.14099358220140568,5.88986284086746,40.87728762590356,12.212442777973912,39.263401453582375,50,16,0.24624360814329838,0.14099358220137745,2262645.38567713,8410000.0,3218029.388155932,13890674.773833059,0.12803915248530157,5.705944240357474,38.414773730669936,10.274238109074366,37.849107074559036,49,7,0.13855390083915586,0.1303125678270565,2168823.5092971986,9895000.0,512176.3685773843,12575999.877874583,0.13898667666991846,5.734617179735725,38.97535572329555,12.065714536820925,38.43314984597126,33,13,0.13333648918242885,0.13945344456109404,3027144.328870625,9380000.0,2889537.7762184506,15296682.105089076,0.1296348518411786,5.6824608284283675,38.908649112546,10.84715356047154,38.15186303032844,36,12,0.16470806425121032,0.13160787709489324
139,11028178.785453543,9995000.0,1656.985754922368,21024835.771208465,0.1409935822014057,5.8390071789794975,41.75061394133481,12.159348701878699,38.99356924497163,34,7,0.24656990257829114,0.14099358220137884,2258602.214849747,8545000.0,2859542.3681535563,13663144.583003305,0.12951635529436906,5.749292929850611,37.88595612493435,10.334512339884967,37.32130557122199,29,11,0.12891825129994436,0.13155791669444405,3437760.943888922,9400000.0,669751.0139945413,13507511.957883466,0.13831970404139457,5.777115665788177,39.3389113186585,11.304369163480278,38.47947108268626,39,10,0.16578981291527417,0.13869561727837676,2472153.2787198094,8940000.0,2304608.381630053,13716761.66034986,0.13180367444014862,5.695312574140739,38.537208140323,11.097844001109575,37.91916982064306,39,12,0.13609058069072216,0.13345075161421305
140,6541477.114321876,9825000.0,1644.8753689233595,16368121.989690801,0.14099358220140562,5.853234851634649,40.86582695765481,12.010560724099228,39.23040492729454,47,11,0.23039953675744002,0.14099358220137762,3271137.7770186733,8710000.0,3382298.939980317,15363436.71699899,0.1274381744879133,5.718879120779196,38.52509691970607,10.360508738668326,37.707312475451424,27,13,0.15859097996126717,0.12970305215407943,6467626.7913174005,9010000.0,1535480.251346956,17013107.042664357,0.1349403568296004,5.8578681059220585,40.37172439239258,10.571408839006562,38.75475840103531,47,4,0.22912614160068184,0.13575772423451565,3276858.385507462,8870000.0,2866224.689256993,15013083.074764457,0.12968124895646232,5.833006953849005,39.430895410674104,10.867317065002023,38.611680814297195,39,15,0.16771157901714934,0.13148230924524842
141,4630810.391416369,9945000.0,1624.9288508073455,14577435.320267178,0.14099358220140548,5.801391169672247,39.70671188793104,11.845752913786367,38.54900222192489,47,5,0.20148033773951649,0.14099358220137787,2462931.8340582335,8715000.0,3428927.4884880614,14606859.322546294,0.12736650005075859,5.734660769870338,38.52257161164472,10.541026240721385,37.90683865313019,37,14,0.1518782300749797,0.12964729575513428,4700535.737317015,9560000.0,1189211.4236642476,15449747.16098126,0.1363526822891742,5.852031763326176,40.073630939745236,11.576989320094805,38.89838012996997,50,7,0.22104200418981687,0.13730860807353334,2438538.8277553194,9070000.0,2423360.8096971437,13931899.637452463,0.131304035810541,5.684789395070247,38.21979986506999,11.238870941300673,37.610165158131146,33,17,0.14328145790809219,0.13306161037823264
142,3011997.3160412153,9270000.0,1580.6428314188145,12283577.958872635,0.14099358220140512,5.730796476321112,38.16245562176424,11.250987012476413,37.40945629275385,39,14,0.13063238817950207,0.1409935822013787,3599337.2275810316,8250000.0,3263548.2928521736,15112885.520433206,0.12796845565268775,5.6421817041693405,38.788034780982365,10.058566830739558,37.8882004740872,35,11,0.14778034824362635,0.13021303648175167,3174697.4939940916,9365000.0,649762.8216746234,13189460.315668713,0.13838498140981362,5.782641672694904,39.23492702356417,11.276823042370342,38.44125265006564,32,11,0.16877920896042825,0.13880114368499502,2940739.361631422,8910000.0,2402291.9435080793,14253031.3051395,0.13150013764227197,5.713945108427089,38.64267524800412,10.481758264587926,37.90749040759623,39,12,0.14182110289292904,0.1328115715419968
143,5259665.226513333,9585000.0,1618.6361992588409,14846283.862712592,0.14099358220140543,5.771431351087993,40.013557583718466,11.453903375220406,38.69852296661071,47,14,0.18626144131045658,0.14099358220137714,2022239.4865156023,8990000.0,2818488.2778761447,13830727.764391748,0.12976221009642064,5.683938357665177,38.52715242173388,10.894913855446953,38.02159255010483,43,9,0.12029089507118022,0.13189795694309733,4623019.781809414,9470000.0,1002741.1594647358,15095760.94127415,0.13705256537502014,5.7456026470857235,39.78013983513169,11.632289587688694,38.624384889679206,35,15,0.19111216002511935,0.13734808600076628,5398461.795490888,8995000.0,3134824.267822007,17528286.063312896,0.1286754701852805,5.789098560941187,40.35121755296862,10.69180973950756,39.00160210409596,37,10,0.18454904745320685,0.13014761501603592
144,4339337.282826463,9690000.0,1637.2766953553541,14030974.559521819,0.14099358220140557,5.840368363263803,39.54082701450987,11.414611499587595,38.45555906384731,60,14,0.18307422518650981,0.1409935822013778,1744881.0591388997,8745000.0,2617582.67085908,13107463.729997981,0.13045120739720015,5.715583272635928,37.98149901021872,10.427459682479178,37.54527874543415,37,12,0.11382071563432192,0.13240718302673957,5226436.578158852,9610000.0,1249146.9119518043,16085583.490110658,0.1361198717331736,5.833222444320409,40.51250071729568,11.540740726156038,39.20588237976752,48,11,0.22766166282754455,0.13679662930044317,3192731.7059325,8410000.0,2524340.771191137,14127072.477123637,0.1307689995878716,5.791484111173843,38.71248461017788,10.044769008125018,37.91415154980657,48,9,0.16036658565613562,0.13238775898665478
145,3625465.3162848516,9440000.0,1609.850232945835,13067075.166517798,0.14099358220140537,5.805194940894118,39.20471716859554,11.535579226183565,38.29825573471313,52,17,0.16847559218696745,0.14099358220137892,2269843.9433800904,9070000.0,2948337.5002534376,14288181.443633528,0.12919397032313176,5.713403411234276,38.36841124564283,10.886161844340403,37.80087357238109,48,13,0.13346688818048189,0.1311780010869266,4119476.171398526,8970000.0,968326.291564508,14057802.462963032,0.13716991352949792,5.725327139969486,39.39148640267095,10.700510705009126,38.36161735982128,29,13,0.18666725170752976,0.13791776462909988,4511272.09902539,8515000.0,2786289.848097836,15812561.94712323,0.1298370692218269,5.681440303316974,39.18158586855471,10.331744193567697,38.053767843798326,31,11,0.1667611881002157,0.13145276979284962
146,8674022.284618875,9950000.0,1666.6028261568747,18625688.887445033,0.1409935822014058,5.88890387360887,41.913540312530614,11.896185413601094,39.74503474137583,38,7,0.2938127884091903,0.14099358220137898,4845228.798768566,8420000.0,4245807.227498657,17511036.026267223,0.12419274307007466,5.8028411554073385,40.00741687229212,9.851890677136554,38.79606286014708,47,13,0.20718322235799602,0.1263892704719395,4655933.550332342,9160000.0,1083751.212946638,14899684.763278982,0.13670771199842754,5.877510988293959,40.22841804394999,11.297776576846285,39.06443465636678,43,9,0.22178877400794283,0.13734032249684588,3878027.210404389,8890000.0,2507699.4384275004,15275726.648831889,0.1308819645446089,5.671917856536192,38.4939576117832,10.603496569019775,37.52436934610709,47,6,0.16176654423949038,0.13233509802054919
147,4808987.6557450015,9740000.0,1618.6361992588409,14550606.29194426,0.14099358220140543,5.882256196942535,39.436665749752976,12.072803780646147,38.234418835816726,32,16,0.19970403745339138,0.14099358220137764,4164079.0960148834,8580000.0,4200300.1957301665,16944379.29174505,0.12435337973288785,5.741033868367401,39.63914392218189,9.998733310349165,38.59812414817818,30,9,0.19679765045964256,0.1268247014332847,5475688.509024639,9415000.0,1325723.9704608857,16216412.479485525,0.13580493293027623,5.765808430793642,40.298112382416434,11.264208366230644,38.92919025516025,44,10,0.1967721716174468,0.1365160594419042,2545200.264161047,8975000.0,2397838.408370744,13918038.672531791,0.13142740864558886,5.67114820969224,38.655673563688715,10.629222853318213,38.019373497648424,44,7,0.14488677914211814,0.13286874605948054
148,4691094.7038585,9755000.0,1633.0024414733512,14447727.706299972,0.14099358220140554,5.841665297565923,39.60839828881019,11.756948680564468,38.43562461284527,37,13,0.1741548291640794,0.14099358220137853,2610525.4739334085,8775000.0,3445575.470090233,14831100.94402364,0.12729829156864592,5.6968883295821575,38.70845568035639,10.776050376133467,38.0558243118731,44,13,0.15088423940119539,0.1296907347633695,6315949.359649415,9180000.0,1508833.9586953954,17004783.318344813,0.1350122904073389,5.772564591682563,40.06693482783759,11.10127125302343,38.48794748792526,39,13,0.20125976667278814,0.13596492577256078,2863581.876953673,9370000.0,2817388.1324063167,15050970.009359987,0.12986922596111242,5.746484470059358,39.23386145916379,11.307848988752175,38.517965989925564,40,16,0.16695948417010867,0.13174032572807456
149,3991714.690809438,9850000.0,1625.522497179846,13843340.213306617,0.14099358220140548,5.812447442210103,39.81515235793952,11.726486335063251,38.817223685237025,40,18,0.20295363733014424,0.14099358220137886,3871628.4857699582,8640000.0,3289072.593847048,15800701.079617005,0.12784223595505834,5.678029820522034,38.662241119964946,10.608850018912909,37.69433399852247,42,6,0.15644817617594606,0.12994073955756824,5165981.13286783,9210000.0,1216950.8567588194,15592931.98962665,0.13621939481162348,5.749328294747638,39.881373907203624,11.19871975981379,38.58987862398689,35,9,0.2018457291894781,0.13680402010999304,3440350.4457166595,8905000.0,2890645.87654984,15235996.322266499,0.1296222144861348,5.7178233913252186,39.29375544439717,10.843153558311286,38.4336678329682,21,8,0.16624904959780737,0.13139852129766413
150,6902872.884113848,10080000.0,1652.2365839423646,16984525.12069779,0.14099358220140568,5.816799112232218,40.785912094774346,12.342447781410847,39.06019387374572,37,19,0.20842138920818526,0.1409935822013786,4265613.425325711,8410000.0,3860680.5636835685,16536293.98900928,0.12573740686940585,5.727120179279077,39.48432800186588,10.10481409269679,38.41792464553461,33,16,0.18419033389917958,0.12786571663968974,4168030.2082180902,9605000.0,1041577.3868689563,14814607.595087046,0.13687595367924005,5.763535392221455,39.57731165652792,11.288317355466177,38.535304104473404,42,8,0.17739575053178636,0.1377144293692543,2334357.823938472,9100000.0,2144768.500358811,13579126.324297285,0.13235147836988945,5.646230360609129,38.02763891222337,11.0063450959593,37.44404945623866,31,15,0.12902238999002646,0.1338616132427543
151,10156762.367424818,9745000.0,1629.4405632383487,19903391.807988055,0.1409935822014055,5.936490711934989,41.39476181319949,11.649630976524906,38.855571221343425,41,11,0.24087781956151308,0.14099358220137861,2986337.7301074313,8560000.0,3280185.232631582,14826522.962739013,0.1278094547037819,5.707526520675477,38.606932782946075,10.411434650744656,37.860146303681894,57,7,0.15220123539368238,0.12994486204338115,1791910.1792757337,9510000.0,444455.4454841984,11746365.624759933,0.13923296420458295,5.691596172147462,38.31615166082653,11.576291190021061,37.868174116007495,42,10,0.10912272396890307,0.13964212603415052,2550927.030197335,8980000.0,2141437.3130660374,13672364.343263373,0.13235071596251788,5.692650751164252,38.28333197925816,10.83027334367946,37.645600221708854,33,10,0.13209736149707782,0.13367806117689965
152,5487403.504611575,9450000.0,1616.2616137688397,14939019.766225344,0.1409935822014054,5.815859788366271,39.67193136362316,11.405428286642934,38.300080487470225,31,10,0.18211683457670608,0.1409935822013787,3579598.4516553325,8505000.0,2888398.331358133,14972996.783013465,0.1293935742244521,5.741023008822666,38.35957028178757,10.607931915519599,37.46429011170181,51,3,0.13660473144448657,0.13116639325630508,4177486.1387380455,9295000.0,913929.0490787595,14386415.187816804,0.1373530510689371,5.741334453395139,39.47832544407813,11.337192319160263,38.43395390939357,43,14,0.19766814802504176,0.13779879981262602,1607741.3175138745,8400000.0,1603127.3248314816,11610868.642345356,0.13445056828117674,5.5950441455947,37.2925803162466,10.347009913782797,36.890644986868175,31,9,0.09564817680120313,0.13569870732355185
153,2208541.932973616,9435000.0,1628.609458316848,11645170.542431932,0.1409935822014055,5.71393072007033,38.489231115518045,11.694951810073606,37.9370956322746,35,14,0.12597126554310273,0.14099358220137856,3629176.573634536,8520000.0,3653116.500147336,15802293.07378187,0.12641180874966565,5.768805164091951,38.97677200911801,10.218668117670516,38.06947786570964,29,7,0.167130129247912,0.12882696263192397,4688844.211388735,9305000.0,1073770.5925593115,15067614.803948047,0.1367643104683966,5.732209813384778,39.71942435671206,10.960519395196824,38.5472133038648,34,7,0.18280995705117858,0.13717417951738592,4452781.10062053,8750000.0,3175872.6590940836,16378653.759714615,0.12840045560489868,5.812377664374249,39.31811548247459,10.633740254949302,38.20492020731953,38,10,0.19276019933311386,0.1303341844793556
154,5017515.011174764,9405000.0,1629.0843754148482,14424144.095550181,0.1409935822014055,5.705342997002095,39.82618398986252,11.531057968442639,38.57180523706891,38,9,0.2053545526297517,0.14099358220137848,2732727.806245833,8740000.0,3336825.6273263237,14809553.433572158,0.12788130388914282,5.806637568015524,38.94726085866141,10.75965359213091,38.26407890709993,36,16,0.14933859927030493,0.13001621751141612,3016642.1312449127,9290000.0,826259.8267017908,13132901.957946701,0.13772488866063473,5.691690376892412,38.40364109824483,11.424529603718199,37.64948056543353,45,13,0.14331646640867177,0.13845654699150062,2204823.985533178,8890000.0,2200293.9084234713,13295117.893956652,0.13229957528452757,5.658639188962249,38.24441529801774,10.788149379051797,37.693209301634376,37,8,0.12004178077491964,0.13376296016391623
155,5599127.687672217,9810000.0,1645.1128274723596,15410772.800499689,0.14099358220140562,5.79804883405113,40.14284209418731,11.63160073462309,38.743060172269175,43,16,0.22034102439233394,0.1409935822013783,3383676.1309613017,8775000.0,3064871.1156135835,15223547.246574884,0.1286972591005605,5.711275743252945,38.13716266338005,10.457749130407414,37.291243630639634,36,12,0.14147094213126912,0.1307656416344422,3642112.977378808,9610000.0,912823.0858740788,14164936.063252887,0.13736578121637227,5.759301206241075,39.04400381752195,11.552250837405936,38.13347557317725,42,5,0.1693332128711661,0.13789145146004209,4840819.491400233,9010000.0,3306859.426662539,17157678.918062773,0.12805091580717315,5.726915266122116,40.04360392419056,10.844963699423962,38.83339905134059,43,12,0.2034616712825217,0.1298812565578127
156,4765712.870511405,9680000.0,1622.672994591844,14447335.543505996,0.14099358220140545,5.825648607035166,39.45983432831118,11.474621448065152,38.26840611068341,39,9,0.20068810320822966,0.14099358220137936,3930486.3292371533,8895000.0,3804068.7827443006,16629555.111981453,0.12588826783217097,5.705298922209825,39.564088326319315,10.86688089728099,38.581453590135084,46,10,0.17574512669589512,0.12825690692362296,5478283.723510438,9610000.0,1176984.801565802,16265268.525076238,0.1363445924129681,5.719127290520238,39.80577233717705,11.624305523547818,38.43620140629941,40,6,0.2148683907475264,0.13696927395635733,4315383.164185062,8470000.0,2856233.3832351994,15641616.54742026,0.1296984119985257,5.738451705509303,39.63805911428234,10.381845134028696,38.55921332323602,40,15,0.16840197575968613,0.1313217442938742
157,8797512.841803541,9860000.0,1616.3803430433393,18659129.222146586,0.1409935822014054,5.884533064886525,40.92643417099448,12.142385399654202,38.726862923738146,77,12,0.25206385928515307,0.1409935822013781,3450358.479599294,8790000.0,2768537.802959134,15008896.282558426,0.12992132869028564,5.649898507495886,38.334355294956694,10.778376426584533,37.47176567505687,42,14,0.12965098549031528,0.13168102942571555,3911819.757581438,9525000.0,911721.7531111686,14348541.510692608,0.13739248540190072,5.809805995332422,39.518948756966175,11.446554934249004,38.54097627700437,46,9,0.20120263185196405,0.1380438533118917,3779852.028970867,8670000.0,2860671.839754503,15310523.86872537,0.12968664689370993,5.774637130724566,39.038639771319055,10.785181053078214,38.09367676407637,38,9,0.16244390936734693,0.13158762386127776
158,9713227.593794873,9395000.0,1639.1763637473555,19109866.770158622,0.14099358220140557,5.853652346317743,41.19028340069794,11.455513221945225,38.7619765022492,39,9,0.2595405124904223,0.14099358220137892,7011509.756322912,8710000.0,3617598.162357234,19339107.918680146,0.12653440992649137,5.854356513286472,39.904107607610094,10.27165500432328,38.15123016852918,41,7,0.17834369161797417,0.1285108699959059,3843800.099203567,9855000.0,941708.8501266423,14640508.94933021,0.13731830022511213,5.756433132069017,39.4539499078132,12.017399084747852,38.492999883012445,37,12,0.16348567762805943,0.13790879736879044,4877529.919409601,8760000.0,3061560.1122975387,16699090.031707138,0.12888242397308158,5.775501159593024,39.6055216393464,10.762503680835112,38.385990005447766,63,8,0.1859616047257306,0.13039040906949137
159,9022335.830704046,9940000.0,1664.3469699413731,18964000.177673988,0.14099358220140576,5.7929289027912265,41.588245022292405,12.185268526526968,39.33231845554455,55,12,0.25911760852076826,0.14099358220137784,3454122.3419155637,8605000.0,2546562.498647757,14605684.840563321,0.1308156239306202,5.6255287614470815,37.949323933973695,10.52083611935867,37.08579334849473,41,18,0.11598863792214285,0.1325529530123492,3137693.2734094188,9460000.0,814052.0825580297,13411745.355967449,0.13777587813063563,5.657252416587249,38.844354089020754,11.424635691930506,38.05993077066823,37,10,0.14892058876711461,0.13832956198322763,2237577.4581673727,8985000.0,2082629.5154402726,13305206.973607643,0.13268270643502544,5.701953150275111,38.099354939178426,10.745531008125859,37.53996057463652,34,14,0.12156228293036736,0.13408949674967052
160,9249545.993716044,9685000.0,1630.034209610849,18936176.027925655,0.1409935822014055,6.0668110881800486,41.28226139003328,11.722022876234703,38.96955581713199,52,15,0.23229554406291333,0.14099358220137845,3912813.340127238,8845000.0,3491082.5018588044,16248895.841986043,0.12713364962433857,5.704200987869832,38.97912456285126,10.549405521081514,38.00092111333677,48,15,0.16179539957272027,0.1293262686184851,5928050.39730791,9400000.0,1442256.517257529,16770306.914565438,0.13533225650720823,5.83294429693467,40.11326138139968,11.35422882507168,38.63124878207269,36,10,0.20231265262689943,0.13601946887003075,5048770.001398218,8970000.0,2799621.7210249673,16818391.722423185,0.12986945396888913,5.7368325617346,39.24733262751185,10.597583395366843,37.98514012716246,30,13,0.1697433602158744,0.1314539733314642
161,4786343.323022396,9755000.0,1639.770010119856,14542983.093032515,0.1409935822014056,5.815783502860386,39.89044264684897,11.744193368870492,38.69385681609335,27,16,0.21081708513348701,0.1409935822013777,4749773.452857628,8650000.0,3324607.9099233467,16724381.362780975,0.1278566857550441,5.733681667655364,39.36048174002838,10.393897929366991,38.17303837681363,38,7,0.1499159188085199,0.13013259712448086,3687623.3962622946,9405000.0,728575.3149894032,13821198.711251697,0.13808494082468042,5.708652762624785,38.44452882702194,11.4461751435873,37.522622977956324,29,14,0.14692254456935255,0.13849926510668303,3310259.5711131203,8805000.0,3018283.2912465073,15133542.86235963,0.12912068966249443,5.665405708742356,39.069166508586356,10.730243574910936,38.24157360639888,47,13,0.17861699222938318,0.13074847707959877
162,4789720.356558092,9420000.0,1635.7332147868528,14211356.089772878,0.14099358220140557,5.855423217873708,40.162886218837876,11.53269876421057,38.96545612969838,39,9,0.20766883290048305,0.1409935822013782,2135931.7382579455,8540000.0,2535446.4701958736,13211378.20845382,0.130750118872865,5.669354716656322,37.71562879887199,10.18626398637818,37.18164586430751,34,11,0.1075831086149534,0.1326185539835462,4092358.402683121,9415000.0,962772.1360399206,14470130.538723042,0.13717845960618694,5.740320548713989,39.40622586374346,11.411151421500227,38.38313626307272,39,6,0.18190116078157065,0.1376309922651721,3504216.3009500937,8770000.0,2337894.9652216854,14612111.266171781,0.13161124065211371,5.742626471990476,38.41892929277133,10.655004211930722,37.54287521753388,38,13,0.14311921511095296,0.13309669471579694
163,6665794.215574894,9975000.0,1648.7934349818622,16642443.009009875,0.14099358220140565,5.861220026467467,40.689996083120484,12.329307411426882,39.02354752922681,26,8,0.23342567194963396,0.1409935822013786,3790766.4975908846,8525000.0,3164758.41158151,15480524.909172397,0.12828024223010245,5.719485449760258,38.836360607680646,10.138570505090522,37.888668983282955,43,19,0.15142348900189825,0.13022106846994877,3318707.3803778347,9140000.0,658655.6444362506,13117363.024814086,0.13836917107758595,5.786664438349648,39.16857354283752,11.052222503238095,38.338896697743124,44,15,0.16909586990306433,0.1387601480537879,3520623.9326147856,9025000.0,2411137.155830505,14956761.08844529,0.13125119768473434,5.765911876592117,38.74698304321174,11.169146418152854,37.86682706005793,37,13,0.15193755644665033,0.1326631934687388
164,4434266.689098586,9405000.0,1623.5040995133445,13840890.193198098,0.14099358220140545,5.778042130248993,39.19770623315122,11.384063626197378,38.08913956087674,40,12,0.1882455328062439,0.14099358220137892,4520753.685670528,8250000.0,4176983.071973818,16947736.757644348,0.12434688975105651,5.744588485847628,39.477382426002094,10.087892320442181,38.347194004584495,41,6,0.20365467377541482,0.12664910459327888,3393319.7359264544,9010000.0,774079.2597963962,13177398.99572285,0.13790150161797635,5.734659777005366,38.57546592603957,10.68116161885572,37.72713599205788,35,12,0.149809419121234,0.1384738079096674,3746513.435662723,8880000.0,2978312.7243415597,15604826.160004284,0.1291720757482042,5.763331596939033,39.50477055994533,10.651300703603123,38.56814220102959,35,14,0.18958303304578442,0.13085088719946664
165,6124314.788078867,9540000.0,1632.1713365518506,15665946.959415419,0.14099358220140554,5.810930729799202,40.3533858523489,11.631108080048001,38.82230715532909,41,20,0.18451692939606573,0.14099358220137845,2873568.9212763887,8730000.0,3361215.470090424,14964784.391366813,0.127558605999308,5.6901707561750445,38.52883934532596,10.723010929156217,37.81044711500686,35,10,0.15025771681542438,0.12993079001010413,4714816.854209088,9380000.0,945003.5875321684,15039820.441741254,0.1372240334859985,5.774654988751463,39.1026375954107,11.438461153904521,37.92393338185839,32,15,0.16212391529354328,0.13775602523126967,3011370.879434877,8965000.0,2522144.9919626396,14498515.871397516,0.13094452266355672,5.7139175293421385,38.55752370883191,10.634873922409188,37.80468098897325,40,11,0.1507381565246335,0.1327326955300019
166,4212257.648162499,9455000.0,1640.6011150413565,13668898.24927754,0.1409935822014056,5.898424069364233,40.10751974113478,11.476915861046573,39.05445532909424,42,5,0.20263401332386244,0.14099358220137842,2844047.5539495344,8690000.0,2861784.333069206,14395831.887018738,0.12966483146255173,5.634568764180273,38.282576239433105,10.66985805246149,37.571564350945806,37,5,0.12836583858494488,0.13159163548439484,3531078.932326963,9090000.0,820678.6009025924,13441757.533229556,0.13768254520985007,5.841742658484316,38.77344462750881,11.121100265905824,37.89061711559232,46,9,0.1567597424940651,0.13822546613106074,2771253.974214694,9170000.0,2340128.6190881385,14281382.593302831,0.1316928527062479,5.664737950264289,38.378223527391704,10.874079185112217,37.685384814454224,46,17,0.142808732389091,0.13331957205294465
167,6121530.97970077,9840000.0,1641.7884077863573,15963172.768108556,0.1409935822014056,5.91770029748962,41.341329842798075,11.979763767900492,39.81094709787276,43,11,0.2649795681885354,0.14099358220137864,3740505.511647191,8635000.0,3879538.6907563102,16255044.2024035,0.12556918365748837,5.703147322456987,39.341722885083904,10.254595755050165,38.40659650717207,41,12,0.18092075337562552,0.12793766603083362,3797905.636884745,9220000.0,1007184.3651551404,14025090.002039883,0.1370437178899661,5.772585735718337,39.476947779740605,11.408401129746387,38.52747137051945,39,17,0.17732387214997652,0.1375727559674974,10066152.740455512,8755000.0,4108179.456613769,22929332.19706928,0.12476370882420523,5.864417240075044,41.372931368554624,10.736612908452258,38.85639318344079,35,6,0.26299504605985546,0.12674599595940922
168,5022584.373065104,9415000.0,1618.9923870823413,14439203.365452185,0.14099358220140543,5.801373534224866,39.51392662766872,11.212169413705052,38.258280534402445,34,12,0.17736646915995993,0.14099358220137856,3487801.871450276,8670000.0,3263549.0052276254,15421350.8766779,0.1279742262174973,5.681203396418161,38.49583459917472,10.26830959980523,37.623884131312295,43,9,0.15196403617608734,0.130043612471622,4022201.898873296,9395000.0,907277.2413987132,14324479.140272008,0.13739582471902287,5.81087444241222,39.183517712176105,11.337245379219329,38.17796723745769,31,13,0.16627962705025767,0.13792891497909066,3216717.3054504483,8705000.0,2545440.5069914637,14467157.812441912,0.13076863632093672,5.7035946036102345,38.46574840246114,10.66170360981205,37.66156907609861,34,10,0.15445418654844695,0.13252597465866647
169,4668625.683254561,9220000.0,1626.5910606503467,13890252.27431521,0.14099358220140548,5.719428123334636,39.3496673989907,10.645079796902062,38.18249688163371,46,10,0.19909678720376883,0.14099358220137792,6246403.954119978,8700000.0,4383428.705732205,19329832.65985218,0.12360720162948723,5.850733127266072,40.678383844305245,10.789008518704934,39.11678285577514,28,13,0.2164755162784113,0.12576681866572273,2590098.525234778,9845000.0,574337.9120579474,13009436.437292725,0.13875327163530657,5.73291394601762,39.05149922254735,12.339797418878847,38.40397459123858,29,9,0.15234882863424956,0.13920727963459043,3019168.3990568384,8860000.0,2323457.8414652464,14202626.240522085,0.13162673962574514,5.81083850793867,38.274778425061896,10.641731823023136,37.519986325297616,37,6,0.13753470566198917,0.13328744685284682
170,4950567.642804648,9485000.0,1642.856971256858,14437210.499775905,0.1409935822014056,5.764623429310866,39.6292792419571,11.4880974650592,38.391637331255836,39,14,0.19395440256627738,0.14099358220137873,2239350.8754530484,8895000.0,2497720.1240623207,13632070.999515368,0.13096343305101257,5.634047877419179,37.60907540652296,11.076741201212362,37.049237687659634,43,7,0.11251726208750769,0.1326119774723403,6578044.52504142,9460000.0,1494415.8316228385,17532460.35666426,0.13511058368755305,5.8061759904566665,40.44219339823732,11.549640565214837,38.797682266976956,33,14,0.2419179218144419,0.13604147795136162,2417305.399421695,8965000.0,2029349.2779817225,13411654.677403418,0.13284911906922708,5.695671092612723,38.22923893386002,10.709956088850442,37.624912584004576,38,13,0.1211531023638537,0.13397818890983024
171,3600328.052039889,9295000.0,1611.7499013378365,12896939.801941225,0.14099358220140537,5.7530256602053065,38.944606201922966,11.297269447184721,38.044408640622294,50,12,0.16933907485971167,0.14099358220137803,2230662.2805250115,8655000.0,2994957.6189824212,13880619.899507435,0.1290453698843683,5.74912494558677,38.41160187405382,10.349633673351637,37.853936303922566,43,10,0.13031550106585166,0.13116088496423056,2019308.9100202208,9375000.0,447758.6126681872,11842067.522688407,0.13918933431196076,5.689030833032414,37.72571262745042,11.210157316655659,37.22088539994532,32,11,0.11089065941532669,0.13961305955959913,2891765.8193262205,9110000.0,2735264.042128501,14737029.861454722,0.1302330242947037,5.708347405596194,38.76961886741791,11.086174803229188,38.046677412586305,43,10,0.16281553052792935,0.1319337070580055
172,4057201.6154084895,9980000.0,1625.4037679053458,14038827.019176396,0.14099358220140548,5.870635735724453,39.824185104823364,12.261215826972855,38.80988470097119,40,11,0.1841350645816975,0.14099358220137864,2349932.739987154,8690000.0,2821814.953456378,13861747.693443531,0.12972816006322385,5.707587416277421,37.9265615089238,10.53298536437223,37.33907832392707,38,9,0.12900296085853505,0.1315466544346359,5597198.969773386,9140000.0,1296851.8600748915,16034050.829848278,0.13587084945165084,5.717572779342672,39.42395147946016,11.03205256612762,38.02465173701658,31,16,0.19844497056239468,0.13660751630201048,3851589.0176056097,9160000.0,3303523.965116174,16315112.982721783,0.12801695048865605,5.780493321573033,40.084081168018805,11.20409559497692,39.121183913617436,35,12,0.1936232672746818,0.1301838886259179
173,6001003.357933239,9840000.0,1646.4188494918606,15842649.77678273,0.14099358220140562,5.917406407396811,39.98297660262228,11.894549092691982,38.48272576313891,29,13,0.2100543265265835,0.14099358220137795,5516308.701057827,8885000.0,4019396.0787123926,18420704.779770218,0.1251343177374644,5.699884039492037,39.55707475213633,10.697074520008107,38.17799757687197,36,10,0.19817417582834537,0.12737024952035472,6040234.2355651315,9570000.0,1361246.1075878616,16971480.343152992,0.13568576695939943,5.756707909013096,40.35148492168236,11.253054948168595,38.8414263627912,31,12,0.2125648734649982,0.1364595212261699,2787540.167787668,8755000.0,2422252.115719022,13964792.283506688,0.131310623340826,5.740110903054118,38.7074742152582,10.511712318510932,38.01058917331127,39,9,0.1455786008656355,0.1327903441437744
174,6395075.733558858,9595000.0,1638.9389051983553,15991714.672464056,0.14099358220140557,5.82742315329901,40.23849198844374,11.557619790065848,38.63972305505404,41,11,0.1973569589866505,0.1409935822013781,4184819.467817788,8795000.0,3597634.9031847916,16577454.37100258,0.12674395194462643,5.729333345659715,39.11463391241542,10.373838167134767,38.068429045460796,39,10,0.16053265667435948,0.1291792768037778,4605800.006302122,9330000.0,925027.8617860057,14860827.868088128,0.13730848977171217,5.833699852594744,39.71522476143185,11.370815729499688,38.5637747598563,37,10,0.18890487326692995,0.13777712509849596,2931618.951385579,9050000.0,2688642.261189563,14670261.212575145,0.130367765446036,5.771182023771243,38.96811211951736,11.214050280167292,38.23520738167111,30,12,0.1543192444199907,0.1322645469272371
175,4727797.087140326,9550000.0,1616.2616137688397,14279413.348754093,0.1409935822014054,5.779129288308503,39.41699504144621,11.482280410334829,38.23504355909658,48,21,0.18245839920218895,0.1409935822013791,3111615.3100186726,8835000.0,2963876.0755019714,14910491.385520644,0.12913350732579135,5.745261607219082,38.62817403556803,10.676789350146658,37.850270208063314,38,6,0.1385180365929009,0.13098256685359316,5594497.756929238,9450000.0,1351249.221289915,16395746.97821915,0.13569644943015943,5.796851517940639,39.96593126020687,11.547170063283543,38.56730682097471,39,15,0.20135570510050083,0.13637337275951505,3882797.9526017485,8615000.0,2942790.5872145616,15440588.53981631,0.12926919163194667,5.728252403427501,39.129431372176576,10.520577442767385,38.15873188402616,42,7,0.17921111232171757,0.13117531500027124
176,4310324.846267176,10040000.0,1649.3870813543626,14351974.233348532,0.14099358220140565,5.786612716382735,39.95566131063697,12.13034215958216,38.878074993007765,52,14,0.20869656474282045,0.14099358220137914,2868058.660489016,8605000.0,3239132.3296473036,14712190.99013632,0.12807740541480686,5.727209798420322,38.870620039079384,10.635767392090267,38.15360537395724,40,11,0.14690963042448743,0.13012791264876092,4957833.341084645,9070000.0,1100386.1343287923,15128219.475413436,0.13659959076828576,5.865640236657275,39.684839737127035,10.874179878148173,38.445381401855954,44,5,0.1838016551065514,0.13724892509980988,3114714.330962498,8735000.0,2927271.483566778,14776985.814529276,0.1294662955752336,5.719959204874369,39.11460268281039,10.514959206022473,38.33592410006984,37,12,0.169975201845004,0.13127477228666473
177,6112642.008396365,9760000.0,1655.4422743538669,15874297.45067072,0.1409935822014057,5.791966883096335,40.68439869808734,11.913643402591791,39.156238195988394,41,19,0.22948064722918948,0.1409935822013787,2620705.2834719475,8755000.0,3099294.532021617,14474999.815493565,0.12869071020109604,5.7271692839234385,39.0160519879867,10.742983648675718,38.360875667118606,29,16,0.1343776769169235,0.13084362430844054,4889034.598588419,9475000.0,1287996.437034717,15652031.035623135,0.1359804304954121,5.726487944039791,39.99106602982687,11.380183032735715,38.768807380179766,36,11,0.22478477372369332,0.1367873312567544,3771988.5546717504,9270000.0,2851803.1190356202,15893791.673707368,0.1297930556199494,5.694119844641824,39.32987589773323,11.391708017974185,38.38687875906515,39,11,0.17080600132561222,0.13120019804199862
178,2931878.5497947354,9705000.0,1619.1111163568414,12638497.660911093,0.14099358220140543,5.740213301535675,38.8214312158965,11.85658971109789,38.08846157844787,37,9,0.1477397962022659,0.14099358220137823,3874718.086964704,9015000.0,3209175.6273263413,16098893.714291047,0.12827673809387147,5.764828993776194,38.823137925478875,10.67472210319046,37.854458403737695,33,6,0.15005529330053388,0.130275601056363,4981046.355380594,9215000.0,1049348.6928909123,15245395.048271507,0.13684670491566472,5.833365494199338,39.822501659097036,11.089853075565696,38.57724007025194,39,11,0.1746743172530961,0.1374043829748893,3359097.2978543965,9085000.0,2617604.991962944,15061702.289817339,0.13062363143682246,5.737996597729241,38.772051343229464,11.003369659629934,37.93226711817536,48,10,0.1602324641626434,0.13203148289645814
179,4557449.375822171,9535000.0,1636.920507531854,14094086.296329703,0.14099358220140557,5.813060078417432,39.954897457433944,11.472166190866874,38.815535113478404,39,13,0.21111518435935717,0.1409935822013786,2501815.295871463,8785000.0,3313496.9868300743,14600312.282701539,0.12780215568242556,5.68158687616755,38.55006712067574,10.820230461734193,37.92461329670783,45,11,0.14756616592099192,0.12999464274106398,3450388.668343862,9630000.0,748557.6895749005,13828946.357918764,0.13801471316109135,5.810390071089874,38.8378528463319,11.752146580265629,37.97525567924596,35,10,0.16036504706172297,0.13848905220157465,2683726.7499071755,8860000.0,2464423.8046701336,14008150.554577312,0.13112512249447855,5.724252999010943,38.46938850160477,10.539226755063785,37.7984568141279,43,10,0.15129665532139666,0.13272021085440014
180,5062512.9354845155,9830000.0,1634.1897342183518,14894147.125218732,0.14099358220140554,5.751543541568158,39.787240010714115,12.093870566089844,38.521292277546245,70,13,0.18341293712591505,0.14099358220137906,2555152.9668464283,8800000.0,3545457.1857824964,14900610.152628925,0.12683440502872773,5.701171114753334,38.38131857312884,10.338462322972815,37.74253033141715,29,7,0.1550680074845809,0.12933890744682597,3311993.053797943,9125000.0,761881.3701823527,13198874.423980298,0.13797029524267584,5.783079168653339,38.88549216646508,11.143892318758374,38.05749390301555,27,11,0.16062386150366978,0.13854846402731089,5271152.432065772,8605000.0,3193645.4818559675,17069797.91392174,0.12842867131477806,5.8398156879081204,39.96110416169844,10.429361829980673,38.64330803960053,58,13,0.19443708131100015,0.13002779626983596
181,2726909.1124006393,9970000.0,1637.2766953553541,12698546.389095996,0.14099358220140557,5.7286945865756405,38.945290228831304,11.868317902834207,38.26356295073099,43,19,0.14668107233307626,0.14099358220137856,2970006.8940662746,8595000.0,3537694.5469973776,15102701.44106365,0.12692264927342062,5.740981111562258,38.848705522864,10.706148384650884,38.10620379934745,43,5,0.15631781331729178,0.12931649948113996,2678754.7327046553,9625000.0,563215.7096836567,12866970.442388311,0.13876524316119693,5.672429451669542,38.77910353591923,11.679610638701607,38.1094148527432,42,14,0.15213917497733917,0.13923716766669408,3709397.4416330215,8780000.0,2382285.466879933,14871682.908512954,0.13141302952660355,5.757532587986774,38.95253092448824,10.592715746074369,38.02518156407994,36,13,0.14761093580785836,0.13281363896904985
182,4647798.715223196,9980000.0,1644.9940981978596,14629443.709321396,0.14099358220140562,5.74868849878071,39.77645996105848,12.335893732725378,38.61451028225269,45,17,0.2049732015226443,0.1409935822013777,7240157.628290358,8810000.0,3502176.921582213,19552334.549872573,0.12705166072605925,5.752480669141093,39.63322632135601,10.634132770172867,37.823186914283454,41,9,0.17197754059744033,0.12920804947823078,5161475.437666532,9640000.0,1360161.1594647863,16161636.597131317,0.13576859080434894,5.748807197193522,40.35963641399346,11.74637667226783,39.06926755457692,37,12,0.21899030165432237,0.13640780943077824,3314772.9462186997,8945000.0,2852911.456825424,15112684.403044121,0.12977564378059128,5.691884427854224,38.98639088288634,10.555949569569535,38.15769764633153,35,10,0.1724149734291956,0.13157019179503776
183,5272769.649163561,9855000.0,1631.34023163035,15129400.98939519,0.1409935822014055,5.870388782307643,39.52111141112445,11.671445562503607,38.20291899883355,44,11,0.1940200456728155,0.1409935822013789,3966719.494728194,8880000.0,3930611.8697058284,16777331.364434022,0.1255445910765723,5.681106231832497,39.72854748184575,10.754071616650974,38.73673944001793,55,6,0.18427821660569804,0.1280247538076892,4628923.327168964,9235000.0,1234701.8333339416,15098625.160502905,0.13612664186642015,5.767930410818125,38.92859303708394,10.972198017824844,37.77136220529165,39,7,0.17953094688373722,0.13692188648241185,6521052.237178463,9000000.0,3010504.6240096735,18531556.861188136,0.129069649583871,5.7399340119894475,39.96491259201187,10.685363479422273,38.334649532716995,35,11,0.18254121396909476,0.1307746302471073
184,4371021.090886419,9500000.0,1613.7682990043377,13872634.859185422,0.1409935822014054,5.748417135805542,39.34893080088053,11.204138856759535,38.256175528158806,35,13,0.169223193958377,0.14099358220137775,3589652.922843685,8555000.0,2929454.20257422,15074107.125417905,0.12915640420234514,5.750818626424799,38.41270540101472,10.262145869350002,37.51529217030378,39,4,0.1421132731894221,0.130983984430955,3912557.6487228945,9980000.0,946153.7180269227,14838711.366749818,0.13731239136077814,5.76006614868678,39.55306272130723,12.085469959746247,38.574923309126504,42,15,0.1866978056044602,0.13786389065941387,3064954.0938002625,9060000.0,2380081.257873399,14505035.351673663,0.13150881291288133,5.703683498146049,38.3456127058596,10.838383634832804,37.579374182409275,35,12,0.14274148476863582,0.13306770716964295
185,3333412.544301425,9735000.0,1615.5492381218392,13070028.093539545,0.1409935822014054,5.863031224718536,38.97874011381205,11.6773777794215,38.14522708519042,51,14,0.15103621598831773,0.14099358220137675,2547480.1084497403,8520000.0,3047115.8647842873,14114595.973234028,0.12879029164834643,5.6998756218106115,38.24614134095055,10.412534348823684,37.60927131383815,43,4,0.13278060514045933,0.13097381862937138,3465659.30585784,9275000.0,841801.0139945826,13582460.319852421,0.13767134180593146,5.78395096155853,38.71777892818765,11.426784581466725,37.85136410172323,35,13,0.17000055981085233,0.13833343252886784,1421180.4846985561,8830000.0,1861758.5121241952,12112938.996822752,0.13353887935574532,5.639367221383364,37.8283398302335,10.583195526222488,37.47304470905885,40,7,0.09864753980647843,0.1350297501016789
186,4007946.813477407,9765000.0,1650.8118326483636,13774597.625310056,0.14099358220140568,5.694766417822996,39.421410464689494,11.713784971181253,38.419396488770154,49,6,0.1840588409882231,0.14099358220137764,3841656.305407002,8740000.0,3468865.4048433453,16050521.71025035,0.12705383130536527,5.798263900030597,39.42123670399187,10.700820275866777,38.46048019070948,51,5,0.16188470911932495,0.12938258390998605,5763069.280245789,9645000.0,1309072.9018974619,16717142.18214325,0.13586049554041532,5.765330720780998,39.9354480530595,11.632757568435471,38.494316640413906,59,17,0.1999122015344891,0.13660436559532207,3103451.60678451,8635000.0,2117020.8749442007,13855472.481728708,0.13246718657761838,5.795307641913846,38.203172976976184,10.561589607638503,37.427290509945564,46,10,0.12106735066307328,0.1338243754592048
187,6533569.067091883,10030000.0,1649.0308935308622,16565218.097985413,0.14099358220140565,5.77599085340422,40.09390241188921,12.320739926732937,38.4605101451162,43,9,0.18551255286432286,0.1409935822013774,4286553.189802225,8730000.0,3931707.622192981,16948260.81199521,0.12540528791205288,5.821309267075804,39.54935336533312,10.222025851042217,38.47771506788256,36,16,0.18792012817278306,0.12767543495003464,6392493.638155373,9180000.0,1315705.5941642814,16888199.232319653,0.13574669660910696,5.80339403462318,40.16536673381884,10.921943453938276,38.56724332427992,38,17,0.21047842772855554,0.1362798946939199,2677791.4267784082,8870000.0,2392294.5822927114,13940086.00907112,0.1314923740413007,5.71106272985208,38.700284449030626,10.95076590793874,38.0308365923358,43,9,0.14630234445768758,0.13296619023332792
188,5955780.617642125,9770000.0,1641.9071370608574,15727422.524779186,0.1409935822014056,5.877443145108914,40.184241699656226,11.669955510764884,38.695296545245725,35,11,0.20665967286068293,0.14099358220137817,3515312.830189089,8720000.0,3777430.9198715286,16012743.750060618,0.125987467456218,5.79611692821089,39.11999411605043,10.432307967212092,38.241165908503234,38,11,0.17793106262134653,0.1282444472748889,3273724.785491957,9085000.0,782967.8083041352,13141692.593796091,0.13788346213311264,5.674112963513269,39.147406704181876,11.081644714931876,38.32897550780869,43,14,0.1626110206382141,0.13838868349773076,3980011.777841892,8415000.0,3054892.869811445,15449904.647653338,0.12885545750430613,5.80465230213503,39.52534338478208,10.191964850594678,38.5303404403217,38,10,0.18074299984530035,0.13076837186990478
189,4728161.66396587,9975000.0,1664.7031577648731,14704826.367123634,0.14099358220140576,5.760260918721806,39.90498996084049,11.929344736045131,38.72294954484903,42,9,0.214517444267502,0.14099358220137795,3856315.570160831,9010000.0,3362332.4751171255,16228648.045277957,0.12761355959655782,5.720934750064668,39.1719323506519,10.893583588705594,38.2077836848965,50,6,0.15994404610256321,0.12956992756482352,2517509.6720177894,9265000.0,575419.7732199031,12357929.445237694,0.13870958972569422,5.711050079173462,38.346327432395206,11.12173854213081,37.71695001439087,40,17,0.14379027151013293,0.1391532728876018,3595905.365436374,8985000.0,2588734.306328014,15169639.671764389,0.1306462016925196,5.692891768962476,38.605786788329,10.5195445048057,37.70681044696974,31,12,0.1548600530910776,0.13218079933612706
190,4664412.882292222,9510000.0,1640.8385735903564,14176053.720865812,0.1409935822014056,5.814228157233933,40.05062615819356,11.39215459045262,38.884522937620574,33,13,0.2223496877949473,0.14099358220137825,3474284.1821537483,8430000.0,3508820.8931306517,15413105.0752844,0.12689109616729483,5.7184655760750625,39.32537977195893,10.074482309384777,38.456808726420476,37,12,0.1662107874676085,0.12898866867388747,5086094.567606295,9060000.0,1209164.9470360447,15355259.514642341,0.13619692332399816,5.829577672935759,40.03008136553158,10.944118631602956,38.75855772362992,27,7,0.20091907088333688,0.13695687302843038,3185980.5977610564,8575000.0,2624255.612350137,14385236.210111193,0.13054281940866763,5.756977829579747,38.695281468774915,10.490511737936599,37.89812241922654,61,7,0.15079679305826027,0.1320471379005941
191,7820612.971781675,10125000.0,1652.592771765865,17947265.56455344,0.14099358220140568,5.766724017745944,40.77481917419938,12.605646494456318,38.818893115309905,58,8,0.2205356664311238,0.1409935822013781,3467949.6728725242,8785000.0,2502156.799642924,14755106.472515449,0.13092763487493425,5.686254226461588,38.08677751104659,10.399562219953605,37.21979009282848,36,13,0.11154364939556172,0.1328559522633948,4204428.04340411,9595000.0,1094857.0306810956,14894285.074085206,0.13667955459792674,5.781831234838795,39.384671872032676,11.42856907300106,38.33356486118154,38,10,0.17366326557590492,0.13727023262154667,2690271.95124874,8600000.0,2341221.8782604123,13631493.82950915,0.1315901900542941,5.692350180720603,38.25009166648294,10.025078888338237,37.5775236786707,32,12,0.13735997476299416,0.133253424216499
192,8165984.719127352,9925000.0,1644.8753689233595,18092629.594496276,0.14099358220140562,5.9646211169588454,41.21868004603531,12.323869377856296,39.177183866253614,40,12,0.2352343838679459,0.14099358220137823,2623031.7379983026,8340000.0,3368985.3513607522,14332017.089359054,0.12753351206909683,5.7340304143804275,38.7024628647859,9.94705559130051,38.04670493028616,41,5,0.147692887600404,0.12988573020242622,4938924.72856557,9400000.0,1173654.9202950778,15512579.648860648,0.13635776331756527,5.706000192656947,39.62809392189924,11.276526067764951,38.39336273975794,34,15,0.2085213624080037,0.1370839541837353,3376577.1840568874,8955000.0,2699729.5571574485,15031306.741214335,0.13026501931634096,5.736791925630804,39.16319895247277,10.602331524365496,38.31905465645861,43,15,0.15976091507826107,0.1319358986638332
193,5311705.211427175,9585000.0,1639.4138222963554,14898344.62524947,0.1409935822014056,5.7399739945647354,39.60993827486092,11.289340965901898,38.282011972004085,32,14,0.18789935909711244,0.14099358220137923,3825354.108095384,8085000.0,3979414.3512550173,15889768.459350403,0.1250368476106842,5.7938421942543705,39.659512615240864,9.580878547468462,38.7031740882172,37,5,0.1935711359810133,0.12734503793950452,4499385.165935631,9590000.0,1125938.0992445496,15215323.265180182,0.13656726009630357,5.80905179791558,39.59099480861458,11.364210251402623,38.466148517130534,34,20,0.18820069157814362,0.13709484042183118,3113857.024002159,9085000.0,2720830.1240627742,14919687.148064934,0.13025776797912864,5.753783489951096,39.27272128607135,11.189157710870862,38.49425703007097,44,9,0.15733576432491497,0.1320820871076157
194,14679762.13191106,9875000.0,1649.1496228053625,24556411.281533867,0.14099358220140565,5.988974841500472,42.67690462001885,11.662484833928735,39.006662560835814,57,12,0.25697009746159133,0.1409935822013794,3459413.01422498,9260000.0,3659805.1139024943,16379218.128127474,0.12664700693216357,5.7527325978072925,39.10299214645727,11.319113984473233,38.23813889290104,45,11,0.17020990910225633,0.128869974560546,4898698.614787536,9280000.0,1130363.376814529,15309061.991602067,0.13651224949902507,5.751355915401227,39.450812205683135,10.985348548210093,38.22613755198611,45,9,0.18859624947203793,0.13718462796091216,3527304.240358758,8975000.0,2781870.38826215,15284174.62862091,0.12999426389970598,5.71005331509846,38.93891178890828,10.982629181965432,38.05653528599012,49,10,0.16758791327087397,0.13157120952162746
195,5905658.502779479,10000000.0,1657.5794012948684,15907316.082180774,0.1409935822014057,5.7787390411220665,39.805576199749666,12.174647327265458,38.32916157405479,44,18,0.21509232141757378,0.14099358220137828,3177971.314082405,8660000.0,3781880.536942638,15619851.851025043,0.1260631320349486,5.699051087492328,39.27053424911211,10.537544021838304,38.47599501387131,46,14,0.1689932289035901,0.1284828654617279,6796172.501557714,9150000.0,1326811.5306280144,17272984.03218573,0.13572727965035966,5.843199912484949,40.142102160928985,11.136296472421924,38.44305903554001,39,9,0.2046774484456314,0.13624020044692908,3749316.6765945624,8880000.0,2930584.505280328,15559901.18187489,0.1293247366407594,5.75994191917681,39.39742535516466,10.840580755524622,38.460096186015875,40,11,0.1790042296873695,0.13091445660588863
196,3817157.046964026,9545000.0,1619.1111163568414,13363776.158080384,0.14099358220140543,5.789476816674162,39.172036081865244,11.281659416024969,38.217746820124056,32,10,0.15942240398170587,0.14099358220137942,3354584.3507872843,8540000.0,3241366.6958892755,15135951.046676558,0.12818482953566288,5.7179145843844905,39.14591434144268,10.383871448681985,38.30718584787674,46,10,0.1431095375172274,0.13031721430467227,3383939.5230158386,9150000.0,805163.7715087945,13339103.294524632,0.13779393252101657,5.746752292545435,39.09560117856629,10.774469001849681,38.24961629781228,38,13,0.16948555963093248,0.13847190486941413,2090264.0904061995,8785000.0,1996051.8900257747,12871315.980431974,0.13298762091505154,5.702283290910152,37.988946613550034,10.598261388160259,37.4663805909485,32,10,0.12046698414220748,0.134560859044408
197,4703360.32279531,9460000.0,1636.6830489828537,14164997.005844291,0.14099358220140557,5.900208743085663,40.13496032113366,11.542920775839132,38.95912024043475,43,12,0.2126086244412121,0.14099358220137698,2319886.409703028,8615000.0,2845115.2176556904,13780001.627358718,0.12958362320800434,5.668567194994397,37.855989733020344,10.432364056438672,37.276018130594686,37,14,0.12483327413534244,0.13155520613500568,2832580.127254907,8900000.0,700826.0273650185,12433406.154619925,0.13819264206570636,5.786939831832221,38.24333424519873,10.903810128505654,37.535189213385074,37,14,0.12970857011114492,0.1387142718060168,5636103.391024797,8385000.0,2603153.383234591,16624256.774259388,0.13053666019570634,5.764582556648996,39.10520477999815,9.968132143440856,37.696178932242056,41,10,0.155953486326728,0.13207416634781613
198,5175883.9683307335,9825000.0,1636.5643197083537,15002520.532650443,0.14099358220140557,5.7212615359306005,39.66226219735688,11.87648635741634,38.368291205274254,43,6,0.2051994107933258,0.14099358220137928,2900845.8006091923,8705000.0,3098175.508596665,14704021.309205854,0.12862514251013035,5.691218124854322,38.55861181588317,10.53201101003217,37.8334003657308,34,7,0.1411408950966121,0.13065813279257973,4883873.658946467,8980000.0,942775.3952122441,14806649.054158708,0.13721306144212295,5.759044976815819,39.2983653610153,10.92779736311701,38.07736130248409,49,10,0.176862021608507,0.13779971183101167,3717451.0143115027,8930000.0,2233565.7695856737,14881016.783897176,0.13203621019806755,5.693456426428784,38.71002916389452,10.648972319201514,37.7806664103167,41,10,0.13981008358073155,0.1334038354159239
199,3778511.0662770043,9650000.0,1619.4673041803417,13430130.533581184,0.14099358220140543,5.921797324610231,39.078513797802394,11.507888114705588,38.13388603123312,35,12,0.1651440045282328,0.14099358220137798,2077077.8152093487,8700000.0,2862872.8430706398,13639950.658279989,0.12950895645585464,5.660118159568228,38.12798466837971,10.6593438880419,37.60871521457727,45,7,0.12213861102496264,0.13167840837000505,4794073.127468941,9210000.0,1098177.1761513525,15102250.303620292,0.136640034635304,5.744363505067845,39.45707425725789,11.116122931485597,38.25855597539051,34,8,0.19411289138607163,0.13725940506751957,4136760.991671513,8670000.0,2958351.2461081846,15765112.2377797,0.1293625006791519,5.738487219374496,39.185451150851904,10.502886917680481,38.15126090293404,43,11,0.18120114608396296,0.13112702102602677
